*********10:09:48 06/11/2021
fileName
	LeafArea	LeafLength	Width1	Width2	Width3	Width4	Width5	Width6	Width7	WidthMax
2-N1-1 (2).JPG
	32.4808	22.3315	0.18253	1.17382	1.56504	1.82907	1.86149	1.61699	0.738452	1.86149
	40.5278	26.7863	0.118165	1.13555	1.72273	1.91107	1.87782	1.69504	1.1965	1.91107
	42.2691	29.9228	0.179253	1.21462	1.44334	1.77766	1.74467	1.54149	0.988826	1.77766
	37.6162	29.6096	0.16153	0.58994	1.32897	1.69544	1.69155	1.56547	0.250549	1.69544
2-N1-2 (2).JPG
	32.7102	21.0501	0.182574	1.20903	1.64864	1.89642	2.02094	1.79293	1.08556	2.02094
	47.7865	29.5931	0.103548	1.22807	1.74897	2.02293	1.973	1.8274	1.21378	2.02293
	42.9258	29.2449	0.143424	1.22721	1.51561	1.82792	1.77544	1.6836	0.587655	1.82792
	34.5216	26.3945	0.169347	0.98651	1.30706	1.53715	1.63113	1.53043	0.560147	1.63113
	32.6896	27.1366	0.209305	0.836479	1.26931	1.5389	1.54216	1.39255	0.806705	1.54216
2-N1-3 (2).JPG
	20.0692	17.6973	0.092254	0.737574	1.07362	1.36481	1.57701	1.49826	0.78427	1.57701
	33.2233	28.7918	0.114229	0.834906	1.26351	1.40805	1.41371	1.29715	0.923825	1.41371
	26.5865	26.2214	0.118116	0.762546	1.17158	1.25493	1.20718	1.11602	0.486362	1.25493
	19.926	20.6987	0.156664	0.820899	0.980578	1.16224	1.16351	1.04744	0.808479	1.16351
2-N2-1 (2).JPG
	23.3095	17.3566	0.196571	1.04421	1.38625	1.66041	1.7255	1.58096	0.991056	1.7255
	37.1149	25.3047	0.104833	1.13754	1.67338	1.80018	1.75171	1.64747	1.14941	1.80018
	36.4987	24.869	0.108073	1.12156	1.65563	1.74194	1.78672	1.65569	1.17684	1.78672
	31.0487	24.9253	0.159412	1.00515	1.41794	1.43572	1.60061	1.50333	0.189293	1.60061
	36.9444	28.4142	0.100737	0.902982	1.37784	1.71512	1.71924	1.55087	1.16613	1.71924
2-N2-2 (2).JPG
	17.0409	13.8151	0.161858	0.834175	1.20601	1.4803	1.70985	1.71116	0.647708	1.71116
	34.9174	25.7922	0.156225	1.07561	1.47623	1.6964	1.67712	1.54595	0.545799	1.6964
	31.4395	25.3721	0.131363	0.967809	1.36103	1.5198	1.52236	1.44369	0.459335	1.52236
	30.079	25.1157	0.130362	0.919771	1.24351	1.49337	1.55855	1.40936	0.428744	1.55855
	28.941	27.447	0.148098	0.795107	1.16015	1.37191	1.30302	1.21599	0.837954	1.37191
