*********09:56:16 06/11/2021
File name
Image cropping coordinates (y1,y2;x1,x2)
Stem trace coordinates
Leaves (and panicle) trace coordinates
<<DSC_0134.JPG
228,2528;481,3954	Image_Crop_Coordinates
2224.82,2475	2200.96,2323.87	2195.66,2093.21	2169.15,1759.14	2163.84,1334.93	2132.03,923.974	2065.74,475.901	Stem
2203.61,2241.68	2317.62,2114.42	2370.65,2148.88	2421.02,2239.03	2413.07,2374.25	2391.86,2482.95	Leaf1
2177.1,2005.71	2063.09,1838.68	1996.81,1745.88	1951.74,1666.34	1986.21,1554.99	1988.86,1494.01	Leaf2
2171.8,1753.84	2232.78,1608.01	2259.29,1470.15	2280.5,1369.4	2341.48,1334.93	2508.52,1358.79	Leaf3
2155.89,1348.18	2055.14,1191.76	1964.99,1104.26	1917.27,1104.26	1850.99,1197.06	1824.47,1342.88	Leaf4
2129.38,894.809	2153.24,794.059	2118.77,767.546	2041.88,804.664	1954.39,839.132	1898.71,849.737	Leaf5
2092.26,690.658	2052.49,560.743	2015.37,467.947	2004.76,446.736	Panicle
