*********10:24:17 07/09/2020
Scale(cm,pixels/cm: scale trace coordinates)
40,24.5252: 1277.57,2514.55	1251.23,1533.9	Scale
File name
Image cropping coordinates (y1,y2;x1,x2)
Stem trace coordinates
Leaves (and panicle) trace coordinates
<<2-N-plant1 (1).JPG
560,2682;521,3726	Image_Crop_Coordinates
2235.89,2573.51	2233.53,2460.41	2231.18,2415.65	2085.1,1838.4	2035.62,1635.77	1832.99,1093.86	1620.94,665.046	Stem
2158.14,2137.62	2089.81,2033.95	1979.07,1897.3	1924.88,1861.96	1891.89,1861.96	1868.33,1876.09	1844.77,1927.93	1840.06,2000.97	1849.48,2038.67	1889.54,2144.69	Leaf1
2103.94,1897.3	2118.08,1760.64	2139.29,1649.91	2169.92,1543.88	2198.19,1470.84	2219.39,1440.21	2259.45,1437.85	2287.72,1449.64	2330.13,1496.76	2403.17,1607.5	Leaf2
1983.78,1492.05	1863.62,1371.88	1795.29,1331.83	1741.1,1338.9	1689.27,1383.66	1656.28,1461.42	1628.01,1565.09	1602.09,1673.47	Leaf3
1795.29,1027.89	1759.95,888.877	1738.75,825.262	1710.47,796.989	1665.71,789.92	1599.73,825.262	1545.54,895.946	1526.69,952.493	1524.34,964.273	1526.69,985.479	Leaf4
1767.02,983.122	1724.61,907.726	1653.92,820.55	1595.02,745.154	Panicle
<<2-N-plant1 (2).JPG
538,2838;478,3950	Image_Crop_Coordinates
2241.35,2587.36	2233.69,2462.25	2190.28,2048.64	2039.65,1295.47	1950.29,728.671	Stem
2187.73,2094.6	2088.16,1938.86	2024.33,1839.29	1975.82,1811.2	1952.84,1811.2	1914.54,1834.18	1866.03,1903.11	1804.76,2012.9	Leaf1
2154.54,1877.58	2141.77,1706.52	2136.67,1627.38	2141.77,1583.97	2154.54,1571.21	2180.07,1571.21	2215.81,1606.95	2266.88,1683.54	2300.07,1770.35	Leaf2
2080.5,1484.4	2077.94,1354.19	2090.71,1272.49	2095.82,1231.64	2106.03,1175.47	2129.01,1231.64	2146.88,1338.87	2167.3,1499.72	Leaf3
2011.56,1132.07	1988.59,1012.07	1968.16,953.347	1955.39,925.263	1901.78,917.603	1766.46,940.582	1636.25,991.644	Leaf4
2011.56,1116.75	1988.59,991.644	1960.5,856.328	1945.18,805.265	Panicle
<<2-N-plant1 (6).JPG
578,2689;524,3712	Image_Crop_Coordinates
2234.57,2583.66	2227.54,2410.2	2175.97,1964.82	2091.58,1481.95	1943.91,813.89	Stem
2194.72,2250.8	2070.48,2142.97	1889.99,2046.87	1843.11,2021.08	1782.16,2028.11	1702.47,2093.75	1596.98,2126.56	Leaf1
2183,1983.58	2211.13,1594.46	2215.82,1488.98	2229.88,1421	2279.11,1327.24	Leaf2
2115.02,1610.87	1995.47,1399.91	1922.81,1292.08	1875.93,1263.95	1836.08,1278.01	1728.25,1388.18	1641.52,1498.36	Leaf3
2023.6,1158.47	2011.88,1045.95	2004.85,1006.1	1990.79,987.35	1936.87,1013.13	1901.71,1057.67	1861.86,1099.87	1784.51,1142.06	Leaf4
2018.92,1139.71	1983.75,1038.92	1932.18,938.125	1878.27,832.642	Panicle
<<2-N-plant1 (9).JPG
777,2796;671,3720	Image_Crop_Coordinates
2210.52,2578.58	2194.82,2461.97	2138.76,1979.83	2100.64,1627.76	2031.12,869.803	Stem
2181.37,2264.63	2223.97,2165.96	2246.4,2121.11	2192.58,2181.66	2125.3,2307.24	2105.12,2410.39	Leaf1
2147.73,2047.11	1999.72,1784.74	1851.72,1791.47	1670.08,1917.05	Leaf2
2100.64,1663.64	2078.21,1307.09	2093.91,1268.97	2125.3,1237.57	2188.09,1235.33	2232.94,1253.27	2300.22,1304.85	2365.25,1381.09	Leaf3
2069.24,1260	2046.82,1132.17	2031.12,1098.54	1988.51,1078.35	1925.72,1091.81	1883.11,1123.2	1775.47,1248.78	Leaf4
2073.73,1271.21	2078.21,1143.39	2089.42,1011.08	Panicle
<<2-N-plant2 (1).JPG
346,2700;388,3942	Image_Crop_Coordinates
2234.89,2590.11	2227.05,2446.37	2185.23,2075.26	2109.44,1745.96	2067.63,1471.55	2017.97,1275.54	1989.22,1173.62	1916.05,841.711	1787.99,405.265	Stem
2216.59,2320.92	2334.2,2070.03	2399.54,1968.11	2446.58,1947.2	2504.07,1999.47	2527.59,2075.26	2543.28,2148.43	Leaf1
2187.85,2067.42	1984,1986.4	1952.64,1999.47	1897.75,2067.42	1709.59,2263.43	Leaf2
2114.67,1764.26	2151.26,1505.53	2164.33,1437.58	2198.3,1411.44	2412.6,1312.13	Leaf3
2023.2,1333.04	1923.89,1155.32	1892.53,1108.28	1842.87,1076.92	1787.99,1097.83	1730.49,1139.64	1693.9,1231.11	1686.06,1278.16	1688.68,1322.59	Leaf4
1916.05,833.87	1858.55,700.585	1824.58,650.929	1782.76,603.887	1714.81,567.299	1675.61,572.526	Leaf5
1916.05,818.19	1869.01,663.996	1835.03,559.458	Panicle
<<2-N-plant2 (10).JPG
676,2642;548,3517	Image_Crop_Coordinates
2200.42,2576.63	2196.06,2408.52	2049.78,1670.59	1971.18,1327.82	1803.07,753.627	Stem
2139.29,2120.33	2108.73,1864.89	2130.56,1836.51	2176.41,1799.4	2213.52,1790.66	2189.51,1829.96	2161.12,1834.33	2156.76,1825.6	Leaf1
2062.88,1755.73	1971.18,1646.57	1881.67,1552.69	1818.36,1517.76	1717.93,1519.94	1597.85,1552.69	1514.89,1570.16	1486.51,1585.44	Leaf2
1960.27,1310.35	1940.62,1146.61	1934.07,1046.18	1901.32,987.234	1853.29,963.218	1678.63,882.438	Leaf3
1914.42,1144.43	1851.11,1013.43	1792.16,902.087	Panicle
<<2-N-plant2 (2).JPG
596,2758;502,3766	Image_Crop_Coordinates
2244.06,2587.52	2224.85,2472.3	2133.64,2078.64	2068.83,1764.2	1980.02,1519.36	1708.78,688.838	Stem
2186.45,2292.27	2167.24,2265.87	2085.63,2208.26	1982.42,2258.67	1905.61,2484.3	1862.4,2709.93	Leaf1
2136.04,2052.24	2210.45,1732.99	2244.06,1653.78	2347.27,1564.97	2400.08,1519.36	Leaf2
2064.03,1788.2	1965.61,1584.17	1898.4,1483.35	1703.98,1231.32	Leaf3
1936.81,1384.94	1929.61,1255.32	1929.61,1152.11	1929.61,1092.1	1946.41,1075.29	1999.22,1070.49	2102.43,1130.5	2229.65,1216.92	Leaf4
1819.19,1039.29	1732.78,708.041	Leaf5
1802.39,1029.69	1771.19,948.076	1715.98,873.665	1679.97,823.258	Panicle
<<2-N-plant2 (3).JPG
832,2784;815,3762	Image_Crop_Coordinates
2231.37,2588.37	2216.2,2362.99	2140.35,1038.86	Stem
2203.2,2066.09	2272.55,1959.9	2320.23,1888.38	2372.24,1838.54	2406.91,1812.53	2437.25,1795.2	2471.93,1793.03	2519.6,1793.03	2586.79,1799.53	Leaf1
2183.7,1704.17	2151.19,1595.82	2129.52,1537.3	2084.01,1435.45	2040.66,1385.6	1997.32,1361.76	1945.31,1379.1	1873.79,1485.29	1802.28,1595.82	1767.6,1660.83	Leaf2
2151.19,1322.76	2157.69,1227.4	2153.35,1168.89	2133.85,1125.55	2099.18,1099.54	2062.33,1090.87	2018.99,1095.21	1936.64,1188.39	1847.79,1309.75	1804.44,1363.93	Leaf3
2166.36,1446.28	2142.52,1342.26	2116.51,1255.57	2084.01,1149.38	Panicle
<<2-N-plant2 (4).JPG
499,2700;641,3965	Image_Crop_Coordinates
2238.51,2587.51	2216.51,2399.27	2206.73,2272.16	2199.4,2132.81	2150.51,1761.24	2064.95,705.18	Stem
2216.51,2201.26	2348.52,1959.25	2429.19,1832.13	2485.41,1753.9	2539.19,1722.13	2592.98,1705.01	2629.64,1685.46	Leaf1
2184.73,1964.14	2121.17,1817.46	2062.5,1705.01	2020.94,1619.45	1959.83,1509.45	1906.05,1428.78	1847.38,1370.11	Leaf2
2135.84,1577.9	2157.84,1438.55	2187.17,1286.99	2209.18,1184.32	2262.96,1066.98	2302.07,964.306	Leaf3
2091.84,1079.2	2118.73,930.081	2133.39,846.966	2162.73,776.073	2211.62,695.402	2260.51,651.399	Leaf4
2089.39,1059.64	2069.84,922.748	2038.06,739.404	Panicle
<<2-N-plant2 (5).JPG
633,2711;694,3832	Image_Crop_Coordinates
2236.9,2590.88	2209.21,2339.33	2181.51,2018.53	2172.28,1568.49	2165.36,719.196	Stem
2213.82,2223.93	2340.76,1981.6	2440,1836.21	2502.31,1762.36	2506.92,1718.51	2527.7,1674.66	Leaf1
2174.59,1988.53	2036.12,1778.51	1959.96,1693.12	1869.95,1635.42	1789.17,1596.19	1743.02,1580.03	1664.55,1580.03	Leaf2
2169.97,1644.65	2227.67,1473.87	2243.83,1356.17	2225.36,1289.24	2186.13,1256.93	2107.66,1280.01	1874.57,1430.02	Leaf3
2172.28,1178.46	2163.05,1049.22	2158.44,1026.14	2133.05,998.449	2109.97,989.218	2061.5,1009.99	1973.8,1095.38	1860.72,1226.93	Leaf4
2167.67,1164.62	2167.67,956.908	2156.13,919.981	Panicle
<<2-N-plant2 (6).JPG
365,2736;498,4079	Image_Crop_Coordinates
2237.45,2585.98	2224.28,2454.3	2171.61,2069.8	2116.3,1548.36	2076.8,1229.7	1974.09,534.44	Stem
2195.31,2238.35	2150.54,2101.4	2097.87,2035.56	2037.3,2003.96	1984.63,2011.86	1929.32,2067.17	1913.52,2122.47	1897.72,2209.38	1918.79,2388.46	Leaf1
2158.44,1901.25	2247.98,1732.71	2303.29,1635.26	2361.22,1548.36	2366.49,1498.32	2363.86,1469.35	2340.16,1466.72	2300.65,1500.95	2145.27,1666.87	Leaf2
2111.04,1503.59	2053.1,1398.24	2000.43,1290.27	1974.09,1219.16	1953.02,1187.56	1934.59,1124.36	1929.32,1229.7	1924.05,1311.34	1913.52,1398.24	Leaf3
2042.56,1008.48	2055.73,834.664	Leaf4
2037.3,1000.58	2021.5,866.267	1997.79,797.795	1929.32,597.645	Panicle
<<2-N-plant2 (7).JPG
481,2787;456,3939	Image_Crop_Coordinates
2225.13,2579.39	2225.13,2464.13	2191.83,2090.2	2194.39,1839.21	2138.05,1467.83	1963.89,558.616	Stem
2189.27,2118.37	2117.56,2021.05	2035.6,1918.6	1986.94,1887.87	1933.15,1867.38	1899.86,1867.38	1823.02,1882.75	1738.5,1931.41	1664.23,1982.63	Leaf1
2196.96,1885.31	2191.83,1764.93	2173.9,1613.82	2145.73,1529.3	2076.58,1480.64	1989.5,1434.54	1858.88,1347.46	Leaf2
2153.42,1513.94	2097.07,1357.7	2066.34,1265.5	2038.16,1216.84	2012.55,1239.89	1981.82,1311.6	1956.2,1396.12	1956.2,1457.59	1958.77,1529.3	1974.13,1572.84	Leaf3
2048.41,1009.38	1963.89,850.59	1933.15,799.367	1910.1,768.633	1874.25,760.949	1810.22,812.173	1741.07,878.763	1671.91,940.232	Leaf4
2048.41,994.016	2017.67,822.417	1997.18,681.553	Panicle
<<2-N-plant2 (8).JPG
607,2651;836,3923	Image_Crop_Coordinates
2206.45,2580.76	2195.1,2467.28	2081.61,2095.04	1847.83,1484.48	1607.24,801.293	Stem
2115.66,2169.94	2149.71,2031.49	2172.4,1954.32	2217.8,1865.8	2260.92,1836.29	2290.43,1831.75	2349.44,1838.56	2410.72,1886.23	2474.28,1933.89	2499.24,1961.13	Leaf1
2040.76,1979.28	1952.24,1886.23	1900.03,1840.83	1797.9,1731.88	1745.69,1691.03	1589.08,1597.97	1468.79,1550.31	Leaf2
1900.03,1622.94	1906.84,1484.48	1920.46,1377.81	1949.97,1323.33	1979.48,1289.29	2031.68,1280.21	2077.07,1311.98	2115.66,1395.96	2149.71,1434.55	2222.34,1498.1	2279.08,1532.15	Leaf3
1747.96,1212.11	1684.41,1089.55	1673.06,1060.04	1682.14,1039.62	1709.38,1023.73	1759.31,1021.46	1831.94,1087.28	1877.34,1189.42	1893.23,1250.7	Leaf4
1754.77,1203.04	1720.73,1050.96	1691.22,932.938	Panicle
<<2-N-plant2 (9).JPG
517,2653;599,3825	Image_Crop_Coordinates
2240.01,2584.1	2223.4,2444.14	2166.47,2097.8	2142.75,1867.7	2073.95,1530.84	1931.62,731.411	Stem
2194.93,2299.44	2114.28,2157.11	2000.41,1969.7	1926.88,1927	1877.06,1912.77	1767.94,1943.61	Leaf1
2161.72,2064.59	2190.19,1938.86	2221.03,1787.04	2244.75,1722.99	2289.82,1682.67	2327.78,1675.55	2415.55,1685.04	2477.23,1692.15	Leaf2
2126.14,1751.46	2045.49,1654.2	1962.46,1540.33	1924.5,1492.89	1898.41,1476.28	1855.71,1483.4	1810.64,1533.22	1751.33,1656.57	1718.12,1770.44	Leaf3
2052.6,1371.91	2076.32,1146.55	2090.56,1087.24	2107.16,1058.78	2145.12,1046.91	2185.45,1075.38	2213.91,1134.69	2249.5,1227.2	2289.82,1312.6	Leaf4
1988.55,973.376	1981.44,887.977	1964.83,842.905	1917.39,842.905	1791.66,866.627	1732.35,876.116	1684.91,880.86	1613.74,868.999	Leaf5
1988.55,1018.45	1957.71,930.677	1924.5,864.255	1874.69,785.972	1834.36,745.644	Panicle
<<2-N-plant3 (10).JPG
328,2704;422,4009	Image_Crop_Coordinates
2212.39,2584.79	2196.57,2450.28	2183.38,2331.59	2093.7,1925.4	1993.47,1432.17	1874.78,925.759	1742.9,313.842	Stem
2188.65,2342.14	2143.82,2212.89	2098.98,2191.79	2064.69,2189.16	2025.13,2244.55	1993.47,2336.86	Leaf1
2133.27,2070.47	2151.73,1928.04	2143.82,1804.07	2133.27,1688.02	2125.35,1582.51	Leaf2
2027.76,1600.98	1961.82,1453.27	1895.88,1331.95	1837.86,1255.46	1761.37,1134.13	Leaf3
1906.43,1023.35	1843.13,836.082	1779.83,640.901	1769.28,559.137	Leaf4
1851.05,793.881	1819.39,606.613	1811.48,519.573	Panicle
<<2-N-plant3 (5).JPG
408,2769;533,4098	Image_Crop_Coordinates
2236.02,2574.71	2207.18,2142.16	2188.83,2045.17	2152.13,1678.16	2065.62,1109.3	1913.57,495.867	Stem
2228.15,2380.72	2246.5,2362.37	2312.04,2364.99	2419.52,2406.93	2547.97,2461.98	2631.86,2498.69	2713.13,2540.63	2755.07,2645.49	Leaf1
2188.83,2074	2123.29,1971.77	2034.16,1851.18	1989.6,1790.88	1958.14,1785.64	1903.09,1843.31	1842.79,1956.04	1808.71,1984.87	1782.5,1984.87	Leaf2
2170.48,1806.61	2249.12,1625.73	2327.77,1463.2	2361.85,1334.74	2437.87,1169.59	Leaf3
2104.94,1384.55	2042.03,1263.96	1979.11,1182.7	1942.41,1143.38	1910.95,1127.65	1869.01,1151.24	1824.44,1235.13	1761.53,1384.55	1730.07,1447.47	Leaf4
2028.92,941.52	2023.68,831.418	2007.95,755.395	1981.73,705.586	1939.79,637.428	1866.39,519.46	Leaf5
2034.16,975.6	1994.84,878.605	1945.03,771.124	1908.33,695.1	Panicle
<<2-N-plant3 (6).JPG
383,2704;344,3849	Image_Crop_Coordinates
2242.42,2582.38	2229.53,2471.56	2165.1,2211.26	2031.08,1742.19	1641.92,530.881	Stem
2170.25,2255.07	2005.31,2092.7	1940.88,2033.43	1894.49,1992.19	1858.41,1979.3	1799.13,1997.34	1716.66,2082.39	1672.84,2103.01	Leaf1
2110.98,1999.92	2110.98,1845.28	2129.02,1713.84	2159.94,1670.03	2208.91,1649.41	2263.04,1664.88	2355.82,1778.28	Leaf2
2010.46,1703.54	1904.8,1590.14	1812.01,1497.35	1781.09,1484.47	1745.01,1489.62	1706.35,1533.44	1662.53,1600.45	1647.07,1685.49	1629.03,1770.54	Leaf3
1886.76,1304.06	1894.49,1133.96	1897.06,1038.6	1897.06,1002.52	1879.02,979.325	1845.52,984.479	1786.24,1020.56	1714.08,1092.72	1665.11,1152	1626.45,1206.12	Leaf4
1757.89,891.698	1721.81,811.803	1685.73,711.29	1613.57,631.394	Leaf5
1770.78,909.739	1729.54,770.567	1703.77,646.858	Panicle
<<2-N-plant3 (7).JPG
1107,2889;914,3604	Image_Crop_Coordinates
2239.05,2587.88	2231.14,2465.24	2215.31,2287.2	2183.66,2087.4	2064.97,1406.91	Stem
2209.38,2237.75	2177.73,2247.64	2104.53,2318.85	2064.97,2378.2	2045.19,2425.67	2015.52,2546.34	1989.8,2684.82	1960.13,2710.53	1932.43,2722.4	1886.93,2720.42	1799.89,2726.36	Leaf1
2171.79,1972.67	2211.36,1764.96	2219.27,1646.27	2227.18,1561.21	2244.98,1507.8	2316.2,1450.43	2375.54,1361.41	Leaf2
2130.25,1780.79	2062.99,1616.6	1997.71,1486.04	1956.17,1428.67	1912.65,1428.67	1829.57,1472.19	1760.33,1515.71	1734.61,1557.25	Leaf3
2124.32,1761.01	2146.08,1503.84	2136.18,1432.63	2102.56,1375.26	2035.3,1333.72	1995.73,1311.96	1972,1270.42	Leaf4
<<2-N-plant3 (8).JPG
502,2671;540,3815	Image_Crop_Coordinates
2242.13,2584.29	2230.09,2471.1	2172.29,2256.75	2124.12,2066.49	2003.7,1738.95	1693.02,780.405	Stem
2114.49,2056.85	2025.38,1974.97	1917,1885.86	1859.2,1856.96	1823.07,1847.32	1784.54,1856.96	1726.74,1897.9	Leaf1
2015.74,1777.48	2025.38,1543.87	2030.2,1194.65	Leaf2
1892.92,1413.81	1794.17,1259.68	1762.86,1206.69	1726.74,1182.61	1695.43,1182.61	1654.49,1216.32	1620.77,1252.45	1594.28,1310.25	1584.64,1380.1	Leaf3
1772.5,1026.06	1774.91,874.333	1786.95,763.547	1794.17,705.745	1818.26,667.211	Leaf4
1791.76,1093.5	1748.41,1009.2	1678.57,924.909	1603.91,850.249	Panicle
<<2-N-plant3 (9).JPG
538,2672;1006,4227	Image_Crop_Coordinates
2201.2,2579.06	2194.09,2462.99	2184.62,2403.78	2141.98,2299.55	2063.82,2046.1	1943.01,1676.59	1748.78,840.438	Stem
2099.35,2155.06	2132.51,1975.04	2203.57,1868.45	2246.21,1811.6	2291.21,1759.49	2369.38,1714.49	Leaf1
1980.91,1797.39	1895.64,1683.69	1831.68,1598.42	1800.89,1572.36	1781.94,1562.89	1717.99,1574.73	1682.46,1596.05	1613.76,1615	Leaf2
1845.9,1269.17	1834.05,1112.84	1836.42,996.772	1860.11,958.873	1924.06,923.343	2068.55,840.438	Leaf3
1838.79,1238.38	1803.26,1141.26	1772.47,1027.57	Panicle
<<2-N-plant4 (1).JPG
336,2773;396,4076	Image_Crop_Coordinates
2234.92,2588.28	2224.1,2423.21	2218.69,2363.68	2194.33,2228.39	2175.39,1976.74	2086.09,1346.26	1945.39,539.892	Stem
2180.8,2052.5	2278.22,1860.38	2351.28,1925.32	2443.28,2071.44	2521.75,2182.39	2586.69,2298.74	Leaf1
2145.63,1808.97	2132.1,1787.32	2083.39,1795.44	1961.62,1884.74	1858.8,1974.03	1820.91,2033.56	1820.91,2152.62	1831.74,2258.15	1837.15,2325.8	Leaf2
2099.62,1405.79	2132.1,1297.55	2167.27,1140.61	2188.92,1086.49	2213.27,1067.55	2261.98,1086.49	2307.98,1146.02	2362.1,1235.31	2416.22,1308.37	Leaf3
2031.98,1016.13	2023.86,918.721	2026.56,845.661	2050.92,818.602	2121.27,810.484	2159.15,829.426	2175.39,864.603	Leaf4
1994.09,842.955	1969.74,753.66	1926.45,650.835	1869.62,564.245	1842.56,520.95	Panicle
<<2-N-plant4 (2).JPG
502,2794;536,3997	Image_Crop_Coordinates
2222.53,2585.4	2202.17,2460.69	2115.63,2015.3	2008.74,1529.18	1932.39,1190.68	1764.41,648.579	Stem
2141.08,2157.82	2212.35,1773.51	2225.07,1689.52	2288.7,1636.08	Leaf1
2105.45,1977.12	1980.74,1798.96	1940.02,1748.06	1896.75,1707.34	1868.76,1686.98	1838.22,1681.89	1800.04,1709.88	1779.68,1753.15	1764.41,1847.32	1751.68,1951.67	Leaf2
2046.92,1689.52	2072.37,1577.54	2113.09,1478.28	2130.9,1450.28	2176.72,1409.56	2204.71,1409.56	2240.34,1429.92	2296.33,1508.82	2352.33,1592.81	2408.32,1676.8	Leaf3
1973.11,1356.12	1906.93,1231.41	1858.58,1144.87	1838.22,1109.24	1807.68,1091.43	1774.59,1099.06	1718.6,1144.87	1682.97,1200.86	1647.34,1325.57	Leaf4
1881.48,1015.07	1845.85,880.183	1807.68,783.469	1756.77,702.026	Leaf5
1878.94,1020.16	1835.67,936.175	1782.23,875.093	1744.05,826.736	Panicle
<<2-N-plant4 (3).JPG
636,2697;707,3819	Image_Crop_Coordinates
2232.56,2588.89	2225.7,2453.91	2111.31,1808.76	2065.55,811.288	Stem
2205.11,2300.63	2269.16,2030.67	2294.33,1907.13	2308.05,1689.79	Leaf1
2154.77,2113.03	2051.82,1948.31	1967.18,1836.21	1871.09,1758.43	1665.19,1637.17	Leaf2
2120.46,1845.36	2170.79,1669.2	2195.95,1586.84	2205.11,1474.74	2184.52,1447.29	2122.75,1428.99	1868.8,1408.4	Leaf3
2093,1435.85	2070.13,1287.14	2044.96,1085.82	2022.08,934.828	1996.92,852.468	1960.31,811.288	Leaf4
2093,1358.07	2099.87,1122.43	Panicle
<<2-N-plant4 (5).JPG
372,2809;434,4114	Image_Crop_Coordinates
2237.78,2581.21	2224.25,2472.97	2191.78,2159.08	2124.13,1431.19	2005.07,511.176	Stem
2199.9,2183.44	2300.02,1929.08	2324.37,1866.84	2343.31,1823.55	2354.14,1883.08	2351.43,1950.73	2354.14,2121.2	Leaf1
2164.72,1926.37	2134.96,1904.73	1996.95,2018.38	1850.83,2148.26	1818.36,2199.67	1807.54,2275.44	1812.95,2426.97	1769.66,2527.09	Leaf2
2143.07,1582.72	2216.13,1322.95	2224.25,1293.19	2243.19,1249.89	2264.84,1306.72	2278.37,1393.31	2289.19,1534.02	Leaf3
2078.13,1101.07	2021.31,952.242	2002.37,914.359	1980.72,900.829	1942.84,930.594	1891.42,992.83	1821.07,1084.83	Leaf4
2059.19,960.359	2034.84,862.946	2015.9,798.004	1929.31,597.765	Panicle
<<2-N-plant4 (7).JPG
720,2849;614,3829	Image_Crop_Coordinates
2234.79,2581.37	2222.97,2439.52	2137.86,1999.79	1856.52,803.522	Stem
2175.68,2210.2	2149.68,2352.05	2137.86,2562.46	2142.58,2659.39	2159.13,2727.95	2144.95,2765.78	2116.58,2756.32	Leaf1
2123.67,1961.96	2033.83,1805.93	1981.82,1716.09	1899.07,1640.44	1854.16,1619.16	1809.24,1630.98	1780.87,1654.62	1686.3,1834.3	Leaf2
2064.57,1649.89	2088.21,1467.85	2114.21,1361.47	2147.31,1304.73	2189.87,1281.08	2232.42,1285.81	2279.71,1309.45	2322.26,1354.37	2426.28,1472.58	Leaf3
1967.64,1288.18	1913.26,1177.06	1887.25,1127.41	1880.16,1089.59	1891.98,1058.85	1915.62,1049.4	1946.36,1049.4	1979.46,1063.58	1991.28,1091.95	1988.91,1129.78	Leaf4
1972.36,1264.53	1896.71,980.835	Panicle
<<2-N-plant4 (8).JPG
525,2812;541,3994	Image_Crop_Coordinates
2272,2580.2	2266.92,2476.11	2167.91,1953.09	2020.65,1328.51	1901.32,665.848	Stem
2211.07,2212.06	2195.83,2283.15	2188.22,2422.79	2193.3,2595.44	Leaf1
2167.91,1955.63	2025.73,1775.36	1972.41,1716.97	1931.79,1696.65	1903.86,1689.04	1853.08,1714.43	1812.46,1777.9	1776.91,1935.31	Leaf2
2071.43,1579.86	2056.19,1427.53	2063.81,1343.74	2073.97,1300.58	2096.82,1285.35	2129.82,1310.74	2155.21,1371.67	2193.3,1521.47	Leaf3
1990.18,1166.02	1954.64,1074.62	1944.48,1039.07	1931.79,1023.84	1896.24,1054.3	1858.16,1084.77	1840.38,1105.08	1789.61,1102.54	Leaf4
1980.03,1077.16	1964.79,970.52	1957.17,868.963	1952.1,757.25	Panicle
<<2-N-plant4 (9).JPG
303,2747;446,4137	Image_Crop_Coordinates
2244.93,2589.51	2228.65,2464.66	2209.65,2320.82	2174.37,2000.58	2171.65,1571.77	2120.09,1175.53	2106.52,494.325	Stem
2174.37,2008.72	2084.81,1826.88	2041.38,1729.18	2022.38,1702.04	2000.67,1745.46	1954.54,1837.74	1892.11,1946.3	1848.69,2000.58	Leaf1
2168.94,1683.04	2242.22,1479.49	2291.07,1370.94	2320.92,1319.37	2356.2,1303.09	2388.77,1308.51	2421.34,1319.37	2464.76,1373.65	2516.33,1457.78	2546.18,1539.2	Leaf2
2120.09,1180.96	2049.52,1094.11	2006.1,1045.26	1989.82,1015.41	1970.82,985.553	1973.53,1023.55	1976.25,1094.11	Leaf3
2109.23,874.28	2133.66,716.87	2168.94,562.174	Panicle
<<2-Y-plant1 (1).JPG
1,2909;39,4431	Image_Crop_Coordinates
2243.61,2582.42	2224.23,2404.8	2172.56,2123.84	2169.33,1897.78	2149.96,1713.71	1949.73,218.486	Stem
2149.96,1746	2043.39,1603.91	1969.11,1519.94	1894.83,1474.73	1843.16,1487.65	1785.03,1526.4	1749.51,1574.84	1746.28,1684.64	1739.82,1778.29	Leaf1
2104.74,1361.7	2169.33,1242.21	2208.09,1167.93	2243.61,1113.03	2279.13,1083.97	2314.66,1083.97	2398.62,1148.56	2482.59,1238.98	2582.7,1310.03	Leaf2
2040.16,828.846	2001.4,725.504	1975.57,654.457	1972.34,599.557	1991.71,586.639	2027.24,615.704	2056.3,702.898	2056.3,702.898	2062.76,751.34	2059.53,819.157	Leaf3
2020.78,644.769	2014.32,496.216	2033.7,263.698	Panicle
<<2-Y-plant1 (10).JPG
379,2762;502,4100	Image_Crop_Coordinates
2236.73,2582	2234.08,2433.82	2231.43,2306.8	2191.74,1968.1	2072.66,1089.58	1993.28,623.853	Stem
2202.33,1976.04	2181.16,1801.39	2162.63,1684.96	2146.76,1613.51	2125.59,1600.28	2096.48,1600.28	2038.26,1658.5	2017.1,1708.77	1998.57,1796.1	1993.28,1875.48	Leaf1
2152.05,1624.1	2048.85,1515.61	1953.59,1438.87	1874.2,1409.76	1802.76,1441.51	1778.94,1502.37	1741.9,1682.31	1728.67,1772.28	Leaf2
2083.25,1131.91	2083.25,1026.07	2059.43,944.037	2009.16,922.868	1961.53,965.206	1908.6,1065.76	1876.85,1161.02	1868.91,1235.11	Leaf3
2043.56,951.976	2011.8,795.853	1980.05,679.422	Panicle
<<2-Y-plant1 (2).JPG
621,2680;724,3833	Image_Crop_Coordinates
2234.52,2583.53	2229.95,2352.68	2081.39,1655.56	1939.68,823.583	Stem
2213.95,2302.39	2143.1,2263.54	2049.39,2231.54	1978.53,2226.97	1941.96,2265.82	1939.68,2329.82	1951.1,2391.53	1962.53,2546.96	Leaf1
2175.1,2039.55	2207.1,1881.84	2232.24,1801.84	2255.09,1765.27	2300.81,1801.84	2339.66,1870.41	2399.09,1961.83	2469.95,2071.54	Leaf2
2097.39,1714.98	1944.25,1536.7	1866.54,1458.99	1841.39,1454.42	1811.68,1456.71	1791.11,1481.85	1706.54,1760.7	Leaf3
2019.67,1317.28	2010.53,1255.57	1987.67,1219	1955.68,1203	1928.25,1200.71	1898.53,1205.29	1880.25,1232.71	1861.96,1264.71	1843.68,1319.57	1829.97,1401.85	1802.54,1488.71	Leaf4
2003.67,1244.14	1980.82,1132.15	1969.39,1072.72	1967.1,995.007	Panicle
<<2-Y-plant1 (4).JPG
741,2903;616,3881	Image_Crop_Coordinates
2235.75,2590.8	2233.35,2355.57	2182.94,2134.73	2125.33,1882.7	2053.32,1652.26	1798.89,792.938	Stem
2214.15,2300.36	2185.34,2290.76	2089.33,2317.16	1971.71,2345.97	1928.51,2362.77	1897.3,2456.38	1918.9,2550	1954.91,2648.41	Leaf1
2161.34,2043.52	2168.54,1988.31	2209.35,2182.74	2214.15,2511.59	2216.55,2614.8	Leaf2
2074.93,1719.47	1882.9,1532.25	1808.49,1491.44	1767.68,1491.44	1741.28,1537.05	1690.87,1803.49	Leaf3
1954.91,1328.22	1942.91,1222.6	1928.51,1169.79	1926.11,1148.19	1942.91,1121.79	1974.11,1131.39	2024.52,1172.19	2079.73,1239.4	2156.54,1321.02	Leaf4
1930.91,1256.21	1873.3,1102.58	1849.29,1016.17	Panicle
<<2-Y-plant1 (5).JPG
372,2686;536,4030	Image_Crop_Coordinates
2238.41,2592.91	2222.99,2364.25	2109.95,1955.75	2009.75,1601.19	1924.96,1231.23	1837.61,922.919	1727.13,509.274	Stem
2130.5,2040.53	2166.47,1945.47	2184.45,1891.51	2210.15,1948.04	2243.55,2032.82	2325.76,2127.88	2418.25,2204.96	2495.33,2264.05	Leaf1
2061.13,1768.19	1948.08,1601.19	1891.56,1524.12	1871.01,1495.85	1822.19,1465.02	1783.65,1454.75	1755.39,1465.02	1727.13,1498.42	1716.85,1542.1	1706.58,1634.59	1706.58,1714.24	Leaf2
1955.79,1377.67	1942.95,1290.32	1917.25,1182.41	1888.99,1143.87	1850.45,1123.32	1781.09,1154.15	1709.15,1231.23	1611.52,1364.82	Leaf3
1837.61,922.919	1832.47,881.811	1806.78,850.98	1742.55,827.857	1711.72,825.288	1670.61,848.411	1655.19,894.657	1621.79,979.441	1554.99,1074.5	Leaf4
1788.79,794.458	1724.56,635.166	1670.61,537.535	Panicle
<<2-Y-plant1 (9).JPG
59,2840;214,4413	Image_Crop_Coordinates
2250.64,2577.21	2222.85,2395.02	2188.89,2135.64	2136.39,1771.27	2090.07,1357.49	2009.79,174.827	Stem
2176.53,2058.44	2117.86,1931.84	2077.72,1836.11	2025.23,1758.91	1985.09,1721.86	1960.38,1703.33	1886.27,1740.39	1839.95,1792.88	1790.55,1866.99	Leaf1
2136.39,1780.53	2164.18,1585.99	2185.8,1496.44	2219.76,1447.04	2287.7,1413.07	2334.02,1428.51	2346.37,1459.39	2327.84,1672.45	Leaf2
2086.99,1394.54	2019.05,1338.96	1941.85,1295.73	1880.1,1271.03	1833.78,1283.38	1790.55,1338.96	1731.88,1428.51	1670.12,1542.76	1605.27,1657.01	Leaf3
2062.28,897.393	2022.14,804.757	1985.09,709.032	1948.03,702.856	1920.24,761.526	1858.48,934.448	1867.75,1008.56	Leaf4
2040.67,634.923	2028.32,369.364	Panicle
<<2-N-plant1 (10).JPG
285,2994;169,4259	Image_Crop_Coordinates
2240.1,2569.06	2213.03,2373.57	2201,2172.07	2158.9,1943.5	2122.81,1552.53	2092.73,1104.41	2077.7,920.959	2014.54,394.65	Stem
2207.02,2361.54	2179.95,2358.53	1990.48,2418.68	1870.18,2457.78	1831.08,2463.79	1791.99,2532.97	1807.02,2680.33	Leaf1
2204.01,2184.1	2225.06,1973.58	2240.1,1880.34	2261.15,1847.26	2285.21,1847.26	2327.32,1862.3	2390.48,1943.5	2459.65,2036.73	Leaf2
2158.9,1952.52	2155.89,1790.12	2137.85,1672.83	2107.77,1570.57	2074.69,1456.29	2044.62,1366.06	2047.62,1323.96	Leaf3
2122.81,1552.53	2095.74,1444.26	2068.68,1357.04	2014.54,1254.79	1978.45,1245.77	1921.31,1275.84	1819.05,1399.15	1746.88,1507.42	1746.88,1534.48	Leaf4
2083.71,1014.19	2098.75,896.899	2110.78,830.734	2110.78,779.607	2092.73,764.57	2050.63,770.585	2008.53,788.63	1945.37,863.816	Leaf5
2074.69,932.988	2056.65,749.532	2044.62,620.211	Panicle
<<2-N-plant1 (3).JPG
832,2903;614,3742	Image_Crop_Coordinates
2200.16,2583.22	2193.26,2429.13	2184.06,2268.14	2121.97,2056.56	1963.28,1614.99	1786.19,1065.33	Stem
2163.36,2233.65	2080.57,2123.25	1956.38,2139.35	1818.39,2164.65	1765.49,2185.35	1740.19,2201.45	Leaf1
2101.27,1994.46	2034.57,1808.18	1970.18,1688.58	1951.78,1658.69	1933.38,1640.29	1885.08,1665.59	1839.09,1674.79	Leaf2
2000.07,1697.78	1981.68,1559.79	1986.28,1410.3	1995.47,1362.01	2027.67,1339.01	2059.87,1334.41	2117.37,1359.71	2193.26,1426.4	2294.45,1504.6	Leaf3
1875.88,1359.71	1845.99,1313.71	1770.09,1251.62	1664.3,1159.62	1606.8,1109.03	1576.9,1051.53	Leaf4
1905.78,1442.5	1871.28,1247.02	Panicle
<<2-N-plant1 (4).JPG
560,3083;574,4385	Image_Crop_Coordinates
2240.98,2577.14	2227.85,2472.06	2109.64,2043.88	1996.68,1689.26	1828.56,1250.57	1602.65,656.899	Stem
2156.92,2240.9	2091.25,2093.79	2025.58,1983.47	2015.07,1967.7	1991.43,1978.21	2015.07,1986.09	Leaf1
2109.64,2036	2012.44,1854.75	1923.13,1707.64	1818.05,1534.27	Leaf2
2020.32,1762.81	1894.23,1592.06	1844.32,1523.76	1818.05,1492.24	1783.91,1486.99	1739.25,1544.78	1684.08,1647.23	1628.92,1726.03	Leaf3
1870.59,1353.02	1839.07,1258.45	1828.56,1156	1820.68,1100.84	1804.92,1069.32	1781.28,1050.93	1752.38,1050.93	1694.59,1090.33	1652.56,1148.12	1589.52,1247.94	Leaf4
1726.11,993.138	1686.71,932.72	1684.08,890.69	1676.2,827.645	1655.19,785.615	1636.8,740.959	1600.03,704.182	Leaf5
1749.76,1058.81	1731.37,940.6	1699.85,790.869	Panicle
<<2-N-plant1 (5).JPG
737,2790;749,3850	Image_Crop_Coordinates
2214.23,2578.21	2193.71,2455.08	2123.02,2224.77	2052.33,2033.23	1824.31,1533.86	1552.96,895.401	Stem
2118.46,2217.93	2100.22,2044.63	2093.38,1912.38	2088.82,1812.05	2093.38,1709.44	Leaf1
2015.85,1962.55	1872.19,1853.1	1787.83,1796.09	1749.06,1773.29	1714.86,1768.73	1671.53,1782.41	1651.01,1807.49	1625.93,1882.74	1621.37,1960.27	1625.93,2037.79	Leaf2
1856.23,1620.51	1803.79,1346.89	1783.27,1260.24	1771.86,1237.43	1755.9,1223.75	1737.66,1239.71	1721.7,1305.84	1721.7,1399.33	1723.98,1499.66	1728.54,1520.18	Leaf3
1696.62,1228.31	1664.69,1169.03	1648.73,1137.1	1628.21,1118.86	1596.29,1109.74	1557.52,1109.74	1521.04,1130.26	1482.28,1157.63	1436.67,1189.55	1402.47,1212.35	1372.83,1212.35	Leaf4
1680.66,1200.95	1623.65,1100.62	1564.36,1018.53	Panicle
<<2-N-plant1 (7).JPG
665,2762;651,3817	Image_Crop_Coordinates
2200.71,2584.67	2186.74,2391.45	2149.49,2172.62	2123.88,1800.14	2065.68,1220.48	2021.45,757.21	Stem
2147.16,2137.7	2091.29,1988.71	2061.03,1909.56	2030.76,1856.02	2012.14,1816.44	1981.88,1781.52	1942.3,1758.24	1893.41,1744.27	1865.48,1744.27	Leaf1
2130.87,1869.98	2177.43,1744.27	2219.33,1653.48	2249.59,1585.97	2286.84,1553.38	2345.04,1553.38	2431.18,1567.35	2519.64,1602.27	2591.81,1627.87	Leaf2
2093.62,1516.13	2042.4,1411.37	1960.92,1283.33	1907.38,1222.81	1867.81,1211.17	1828.23,1243.76	1809.61,1308.94	1800.29,1418.36	1797.97,1546.39	Leaf3
2056.37,1176.25	2030.76,1031.91	2014.47,985.352	1991.19,962.072	1949.28,985.352	1900.4,1022.6	1860.82,1052.86	1816.59,1055.19	1758.39,1064.5	Leaf4
2051.72,1139	2026.11,934.136	Panicle
<<2-N-plant1 (8).JPG
654,2812;487,3746	Image_Crop_Coordinates
2237.74,2582.24	2223.36,2467.21	2156.27,2210.8	2072.39,1959.19	1895.07,1532.64	1638.66,878.444	Stem
2151.47,2208.41	1983.73,2150.9	1875.9,2119.74	1827.97,2110.16	1763.27,2136.52	1691.38,2182.05	1667.41,2196.43	Leaf1
2072.39,1968.77	1792.02,1884.9	1470.92,1810.62	Leaf2
1928.61,1621.31	1902.25,1477.53	1895.07,1396.05	1914.24,1290.61	1945.39,1247.48	1993.32,1240.29	2089.17,1269.05	2153.87,1290.61	2247.33,1333.75	Leaf3
1775.25,1213.93	1736.91,1077.34	1724.93,1048.58	1700.96,1022.22	1617.09,995.864	1528.43,952.73	Leaf4
1772.85,1225.91	1643.45,976.693	Panicle
<<2-N-plant3 (1).JPG
314,2856;177,4016	Image_Crop_Coordinates
2197,2590.22	2197,2437.81	2177.24,2307.97	2089.75,2022.9	2081.28,1966.45	1942.97,1517.67	1832.9,1173.32	1578.87,543.894	Stem
2163.13,2302.33	2067.17,2212.01	2030.47,2192.25	1931.68,2192.25	1897.81,2214.83	1869.59,2285.39	1830.07,2375.71	1824.43,2426.52	1742.58,2440.63	Leaf1
2089.75,2031.36	2027.65,1771.69	2022,1557.18	2030.47,1509.2	2075.63,1438.63	Leaf2
1979.67,1653.15	1889.35,1571.29	1801.85,1506.37	1736.93,1458.39	1691.77,1435.81	1649.43,1430.17	1545,1475.33	1457.5,1526.13	Leaf3
1804.67,1091.46	1773.62,930.58	1753.87,772.519	1711.53,552.362	Leaf4
1708.7,871.307	1550.64,620.102	Panicle
<<2-N-plant3 (2).JPG
462,2910;426,4122	Image_Crop_Coordinates
2215.87,2578.34	2194.13,2458.75	2172.39,2331	2156.08,2086.38	2145.21,1993.97	2123.46,1866.23	2096.28,1439.5	2069.1,651.287	Stem
2169.67,2181.51	2262.08,1912.43	2387.11,1632.48	2389.83,1575.4	Leaf1
2131.62,1953.2	2031.05,1803.71	1960.38,1714.02	1916.9,1673.25	1897.87,1665.1	1854.38,1665.1	1786.43,1716.74	1718.48,1787.41	1696.74,1825.46	1685.87,1879.82	Leaf2
2104.44,1534.63	2207.72,1186.73	2267.52,917.649	Leaf3
2085.41,1097.04	2096.28,942.111	2099,855.136	2090.85,789.904	2082.69,760.006	2041.92,713.801	Leaf4
2079.98,1072.57	2036.49,830.674	Panicle
<<2-N-plant3 (3).JPG
836,2968;680,3900	Image_Crop_Coordinates
2204.17,2589.16	2201.81,2439.97	2175.76,2241.04	2126.02,1952.12	2059.72,1641.89	2014.72,1381.39	1957.88,910.117	Stem
2182.86,2257.61	2256.27,2042.11	2329.69,1850.29	2379.42,1698.72	Leaf1
2144.97,2065.79	2092.87,1985.27	2033.66,1902.39	2002.88,1873.97	1896.31,1791.08	1789.74,1727.14	1699.75,1682.15	1638.18,1670.3	Leaf2
2081.03,1734.25	2078.66,1551.9	2095.24,1435.85	2092.87,1222.72	2090.5,1184.83	2109.45,1090.1	Leaf3
2031.3,1435.85	1998.14,1244.03	1974.46,1127.99	1934.2,978.794	Leaf4
2026.56,1450.06	2007.61,1303.24	1988.67,1184.83	Panicle
<<2-N-plant3 (4).JPG
528,2889;549,4114	Image_Crop_Coordinates
2226.1,2581.53	2226.1,2432.11	2207.75,2274.82	2202.51,2146.36	2199.89,1553.91	2218.24,1241.95	2231.35,1074.17	2278.53,699.302	Stem
2210.37,2311.52	2116,2146.36	2060.95,2007.43	2037.36,1947.13	2003.28,1881.59	2126.49,1774.11	Leaf1
2202.51,2067.72	2260.18,1920.92	2309.99,1818.68	2338.83,1747.9	2375.53,1737.41	2427.96,1781.98	2475.14,1910.43	2506.6,1978.59	Leaf2
2199.89,1826.54	2163.19,1700.71	2126.49,1643.04	2100.27,1611.58	2053.08,1590.61	2003.28,1616.82	1963.95,1679.74	1935.12,1745.28	1840.74,1920.92	Leaf3
2207.75,1438.56	2286.4,1249.81	2325.72,1176.41	2359.8,1147.58	2404.36,1147.58	2459.42,1189.52	2506.6,1291.76	2561.65,1443.81	Leaf4
2244.45,964.072	2157.94,901.157	2066.19,840.862	1953.47,772.704	Leaf5
2247.08,1006.02	2275.91,861.834	2328.34,686.194	Panicle
<<2-N-plant4 (10).JPG
321,2860;397,4230	Image_Crop_Coordinates
2231.01,2582.95	2228.2,2323.65	2205.65,2055.89	2188.74,1779.68	2157.73,1435.82	2171.83,1027.14	2163.37,742.47	2140.82,353.517	Stem
2216.92,2157.36	2126.73,2055.89	2030.9,2067.17	1940.71,2084.08	1873.06,2143.27	1805.42,2222.18	1802.6,2289.83	1858.97,2509.67	Leaf1
2191.56,1878.33	2239.47,1728.95	2262.02,1638.75	2273.29,1542.93	2276.11,1495.01	2293.02,1464.01	2301.48,1548.56	2304.3,1619.02	2304.3,1697.94	2290.2,1728.95	Leaf2
2163.37,1559.84	2030.9,1314.63	Leaf3
2174.64,1021.5	2194.37,897.488	2231.01,649.459	2253.56,485.986	Leaf4
2163.37,787.566	2152.1,655.096	2152.1,564.904	2121.09,426.798	Panicle
<<2-N-plant4 (4).JPG
343,2762;402,4055	Image_Crop_Coordinates
2233.06,2586.84	2230.37,2441.81	2214.26,2226.94	2200.83,2063.11	2179.34,1662.92	2155.17,1195.59	2079.97,534.876	Stem
2200.83,1936.87	2241.11,1813.33	2267.97,1665.61	2241.11,1611.89	2200.83,1568.92	2147.11,1542.06	2106.82,1542.06	2074.59,1593.09	2063.85,1673.66	2047.74,1783.78	Leaf1
2176.65,1590.4	2085.34,1413.14	2034.31,1327.19	1980.59,1278.85	1932.25,1286.91	1865.1,1348.68	1787.21,1458.8	1738.87,1528.63	Leaf2
2147.11,1112.33	2160.54,1002.21	2152.48,935.063	2112.2,892.09	2066.54,886.718	1932.25,932.377	1865.1,978.036	Leaf3
2114.88,892.09	2104.14,819.573	2061.16,690.653	2010.13,567.106	Panicle
<<2-N-plant4 (6).JPG
528,2907;588,4181	Image_Crop_Coordinates
2243.48,2581.43	2224.99,2415.01	2193.29,2024.06	2169.51,1868.2	2156.3,1765.18	2143.1,1390.07	2111.4,713.827	Stem
2209.14,2216.89	2148.38,2214.25	2082.34,2230.1	2016.3,2319.92	1995.17,2420.3	1976.68,2507.47	1966.11,2644.83	Leaf1
2182.72,1971.23	2048,1741.41	1966.11,1604.04	1923.84,1535.36	1849.88,1363.66	Leaf2
2151.02,1651.59	2182.72,1556.49	2219.7,1429.7	2243.48,1382.15	2272.53,1366.3	2359.71,1411.21	2460.09,1493.1	2483.86,1519.51	2526.13,1619.89	Leaf3
2135.17,1197.24	2095.55,1051.95	2074.41,1014.97	2048,988.552	2018.94,991.194	1989.88,1017.61	1960.83,1081.01	1926.49,1199.88	1905.35,1329.32	Leaf4
2135.17,1144.41	2137.81,837.982	Panicle
<<2-Y-plant1 (3).JPG
366,2938;408,4293	Image_Crop_Coordinates
2235.43,2589.25	2226.86,2403.59	2172.59,1783.78	2149.74,1412.46	2141.17,461.309	Stem
2215.43,2246.5	2238.28,2240.78	2349.68,2369.32	2326.83,2574.97	2281.13,2714.93	2146.88,2734.92	Leaf1
2186.87,1923.73	1992.64,1638.1	1898.38,1509.57	1835.55,1486.72	Leaf2
2164.02,1529.56	2263.99,1275.35	2303.98,1195.38	2341.11,1163.96	2369.67,1155.39	2435.37,1192.52	2466.79,1298.2	2481.07,1409.6	Leaf3
2144.03,1061.13	2155.45,986.868	2138.31,944.024	2112.61,895.467	2075.47,886.898	2041.2,915.461	2001.21,986.868	1961.22,1123.97	1929.8,1235.37	Leaf4
2141.17,912.604	2141.17,644.112	Panicle
<<2-Y-plant1 (6).JPG
317,2860;293,4132	Image_Crop_Coordinates
2239.54,2579.73	2219.78,2413.21	2194.38,2204.34	2135.11,1812.01	2089.95,1543.87	2058.9,1419.68	2002.45,1075.33	1929.06,417.681	Stem
2183.09,2145.07	1993.98,2263.61	1869.79,2387.8	1802.05,2509.17	1734.31,2602.31	1734.31,2622.07	1728.66,2672.88	Leaf1
2146.4,1871.28	2202.85,1670.88	2228.25,1541.05	2256.48,1487.42	2293.17,1467.66	2352.44,1504.35	2403.25,1639.83	2406.07,1707.57	Leaf2
2089.95,1569.27	2010.92,1442.26	1962.93,1380.16	1926.24,1351.94	1892.37,1349.11	1847.21,1419.68	1782.29,1574.92	1723.02,1721.69	1734.31,1792.25	Leaf3
1996.8,1049.93	1898.01,959.605	1847.21,914.445	1810.52,891.865	1790.76,891.865	1751.24,920.09	1720.2,1018.88	1691.97,1117.67	1677.86,1193.87	Leaf4
1977.05,872.107	1960.11,561.629	Panicle
<<2-Y-plant1 (7).JPG
401,2784;449,4047	Image_Crop_Coordinates
2242.34,2584.76	2237.05,2410.15	2213.24,1989.49	2168.26,1616.46	2131.22,1256.66	2102.12,462.974	Stem
2229.11,2264.64	2231.76,2394.27	2223.82,2560.95	2218.53,2698.52	Leaf1
2202.65,1941.87	2046.56,1828.11	1893.12,1735.51	1734.38,1687.89	1557.12,1637.63	Leaf2
2165.62,1603.23	2223.82,1410.1	2271.44,1322.8	2303.19,1301.63	2345.52,1317.51	2379.91,1373.06	2432.82,1481.54	2496.32,1603.23	Leaf3
2123.29,1121.73	2086.25,1037.07	2070.37,1007.97	2073.02,976.223	2094.18,957.704	2128.58,957.704	2168.26,981.514	2215.88,1055.59	2303.19,1185.23	2337.58,1235.49	Leaf4
2120.64,962.995	2099.48,732.826	Panicle
<<2-Y-plant1 (8).JPG
343,2896;426,4281	Image_Crop_Coordinates
2242.04,2577.91	2227.87,2407.84	2157.01,1560.29	2069.13,389.61	Stem
2213.7,2195.24	2247.71,2050.68	2270.39,1965.64	2287.4,1920.29	2295.9,1894.78	2324.25,2005.32	2335.58,2062.02	2366.77,2115.87	2375.27,2158.39	2363.93,2203.75	Leaf1
2185.35,1917.45	2066.3,1755.88	2001.1,1653.84	1972.76,1608.48	1955.75,1616.99	1938.74,1690.69	1933.07,1778.56	1904.73,1852.26	1876.38,1889.11	Leaf2
2154.17,1546.12	2247.71,1370.38	2276.06,1319.35	2315.74,1293.84	2344.09,1302.35	2383.77,1350.54	2417.79,1441.24	2463.14,1574.47	2477.31,1611.32	Leaf3
2114.49,1086.92	2131.49,962.197	2140,891.332	2159.84,865.821	2154.17,860.152	2191.02,848.813	2253.38,885.663	2332.75,965.031	2409.28,1061.41	Leaf4
2100.31,891.332	2066.3,644.723	Panicle
<<2-Y-plant4 (1).JPG
285,2867;314,4212	Image_Crop_Coordinates
2198.94,2582.58	2196.07,2459.31	2178.87,2181.23	2155.94,1997.76	2141.61,1668.09	2075.67,1180.74	2009.74,309.245	Stem
2176.01,2178.37	2029.8,2270.1	1880.73,2364.71	1826.26,2401.97	1803.33,2439.24	1791.86,2516.64	1826.26,2616.98	1863.53,2680.05	Leaf1
2144.47,1874.49	2115.81,1673.82	2095.74,1584.95	2081.4,1507.55	2072.8,1570.62	2058.47,1662.35	2035.54,1725.42	1989.67,1779.89	Leaf2
2112.94,1418.68	2052.74,1335.54	2006.87,1223.74	1986.8,1152.07	1966.73,1120.54	1938.07,1109.07	1889.33,1157.8	1860.66,1226.61	1826.26,1315.47	1849.2,1381.41	Leaf3
2049.87,876.862	2041.27,828.127	2024.07,773.659	1961,773.659	1920.87,790.859	1849.2,902.662	1843.46,934.197	1843.46,977.198	Leaf4
2041.27,747.858	2038.4,661.855	2041.27,561.519	2049.87,501.317	Panicle
<<2-Y-plant4 (10).JPG
408,2805;422,4042	Image_Crop_Coordinates
2202.04,2589.31	2202.04,2450.9	2199.38,2227.32	2183.41,2102.22	2188.73,2091.57	2167.44,1870.65	2140.82,1718.93	2074.28,1458.09	2015.72,1247.81	1858.68,736.767	Stem
2196.72,2147.47	2055.65,2064.95	2021.05,2054.31	1890.62,2112.86	1797.46,2187.39	1770.85,2227.32	1754.88,2269.9	1757.54,2402.99	Leaf1
2180.75,1918.56	2241.97,1631.1	2257.94,1487.37	2300.52,1263.78	Leaf2
2092.91,1548.58	1983.78,1370.25	1949.18,1319.68	1919.9,1303.71	1895.95,1295.72	1869.33,1306.37	1736.24,1444.78	Leaf3
1967.81,1080.13	1943.86,947.041	1930.55,920.424	1845.37,827.264	1664.38,691.518	Leaf4
2010.4,1229.18	1951.84,1093.43	1895.95,952.364	Panicle
<<2-Y-plant4 (2).JPG
534,2745;545,3883	Image_Crop_Coordinates
2203.34,2585.06	2198.43,2447.61	2181.25,2184.98	2124.8,1856.07	2026.62,1232.63	1923.53,665.632	Stem
2156.71,2094.16	1999.62,1924.8	1803.26,1914.98	1732.08,1917.44	1670.71,1941.98	1594.62,2020.53	Leaf1
2122.34,1829.07	2183.71,1600.8	2222.98,1394.62	2173.89,1205.63	Leaf2
2070.8,1485.44	2198.43,1107.44	2276.98,925.81	Leaf3
1982.44,994.537	1930.89,869.357	1921.07,827.63	1921.07,795.721	1933.35,778.539	1982.44,790.812	2009.44,822.721	2009.44,861.993	Leaf4
1982.44,982.264	1972.62,712.267	Panicle
<<2-Y-plant4 (3).JPG
607,2697;638,3793	Image_Crop_Coordinates
2238.39,2585.04	2231.43,2445.84	2215.19,2234.73	2166.47,1937.78	2101.51,1654.74	1857.92,831.166	Stem
2164.15,1988.82	2087.59,1833.38	2048.15,1780.02	1997.11,1745.22	1902,1708.1	1714.08,1640.82	Leaf1
2094.55,1657.06	2045.83,1550.35	2015.67,1492.35	2008.71,1457.55	2006.39,1429.71	2031.91,1434.35	2073.67,1492.35	2138.63,1585.15	Leaf2
1983.2,1248.76	1892.72,1091	1855.6,1009.8	1804.56,845.086	Leaf3
1976.24,1220.92	1934.48,1088.68	1908.96,1019.08	Panicle
<<2-Y-plant4 (4).JPG
426,2914;365,4121	Image_Crop_Coordinates
2244.9,2582.07	2222.8,2443.96	2181.37,2115.25	2123.36,1797.6	2048.78,1206.49	2034.97,1062.85	2015.64,587.75	Stem
2197.94,2217.46	2233.85,2316.9	2280.81,2449.48	2371.96,2651.12	Leaf1
2148.22,1949.52	2015.64,1781.03	1916.2,1640.15	1833.33,1521.38	1822.28,1609.77	1816.76,1714.73	Leaf2
2101.26,1560.05	2150.98,1399.84	2186.89,1316.97	2220.04,1267.25	2261.47,1250.68	2325,1261.73	2396.82,1358.41	2485.21,1504.8	Leaf3
2037.73,1126.38	1982.49,957.887	1946.58,919.216	1913.43,908.167	1872,949.6	1844.38,999.32	1816.76,1071.14	1797.42,1170.58	Leaf4
2029.45,985.509	2023.92,728.623	Panicle
<<2-Y-plant4 (5).JPG
531,2682;588,3836	Image_Crop_Coordinates
2237.8,2581.56	2216.31,2435.88	2173.32,2113.46	2123.17,1857.91	2104.06,1776.71	1970.32,943.197	Stem
2175.71,2106.29	2223.47,1953.44	2259.3,1757.6	2276.02,1602.36	2309.45,1363.54	Leaf1
2116,1853.14	1965.54,1688.34	1879.56,1602.36	1829.41,1566.54	1807.91,1556.99	1769.7,1556.99	1695.66,1609.53	1631.18,1728.94	1602.52,1776.71	Leaf2
2044.35,1353.98	2061.07,1153.37	2051.52,974.245	2046.74,842.889	2077.79,747.357	Leaf3
1998.97,1179.64	1984.64,1119.93	1934.49,976.633	1913,938.42	Panicle
<<2-Y-plant4 (6).JPG
415,2878;330,4048	Image_Crop_Coordinates
2234.29,2584.78	2220.62,2404.33	2155,1906.73	2089.39,1422.8	2001.9,591.64	Stem
2196.01,2256.69	2160.47,2226.61	2089.39,2251.22	1988.23,2335.98	1917.14,2404.33	1895.27,2467.21	1922.61,2664.06	Leaf1
2157.74,1920.4	2329.98,1800.1	2606.12,1603.25	Leaf2
2105.79,1521.22	2042.91,1420.06	2004.63,1370.85	1911.67,1387.25	1840.59,1461.07	1777.7,1559.5	1714.82,1677.07	1679.28,1745.42	Leaf3
2042.91,1015.42	2015.57,922.462	1999.16,851.376	2034.7,821.302	2072.98,804.897	2122.19,826.77	2220.62,892.388	Leaf4
2037.44,884.185	2018.3,640.853	Panicle
<<2-Y-plant4 (7).JPG
604,2816;596,3937	Image_Crop_Coordinates
2236.36,2587.41	2226.53,2354.03	2201.97,2051.86	2172.49,1732.5	2049.65,818.626	Stem
2214.25,2297.52	1934.19,2147.67	1808.9,2091.17	1757.31,2071.51	1622.2,2078.88	Leaf1
2206.88,2044.49	2287.95,1906.92	2341.99,1833.22	2405.87,1791.46	2457.46,1781.63	2518.87,1791.46	2599.94,1877.44	2663.81,1975.7	Leaf2
2172.49,1739.87	2211.79,1609.66	2246.18,1499.12	2265.84,1457.35	2317.43,1427.87	2378.84,1440.16	2474.65,1486.83	2555.72,1535.97	Leaf3
2106.16,1236.25	2054.57,1110.97	2027.54,1044.64	2020.17,1005.33	2039.83,973.394	2074.22,968.481	2138.09,973.394	2182.31,985.678	2219.16,993.047	2260.92,985.678	Leaf4
2103.7,1184.67	2079.13,961.111	Panicle
<<2-Y-plant4 (8).JPG
1118,2885;969,3637	Image_Crop_Coordinates
2229.71,2590.64	2233.64,2421.9	2237.56,2219.8	2176.74,1633.14	Stem
2231.68,2172.71	2286.61,2011.82	2335.67,1848.97	2370.98,1713.58	2392.57,1674.34	2441.62,1650.79	2502.45,1650.79	2580.93,1662.57	Leaf1
2215.98,1978.46	2170.85,1886.25	2117.87,1788.14	2053.13,1715.54	2021.73,1697.88	1986.41,1693.96	1945.21,1713.58	1876.54,1762.63	1821.6,1835.23	1792.17,1880.36	1756.85,1905.87	Leaf2
2204.21,1886.25	2155.15,1784.22	2104.14,1660.6	2053.13,1519.33	1990.34,1348.63	Leaf3
<<2-Y-plant4 (9).JPG
709,2740;794,3862	Image_Crop_Coordinates
2275.64,2588.77	2268.88,2354.19	2221.51,1936.9	2171.89,1666.23	2117.75,1321.12	2023.02,865.491	Stem
2230.53,2054.2	2264.37,2022.62	2383.91,1864.72	2433.54,1806.08	2469.63,1799.31	2519.25,1817.36	2566.62,1869.24	2600.45,1932.39	2623.01,2015.85	Leaf1
2192.19,1763.22	2108.73,1650.44	2029.78,1528.64	1941.81,1363.98	1876.4,1224.13	Leaf2
2117.75,1303.08	2074.9,1278.27	2050.08,1219.62	2009.48,1145.19	1955.35,1045.94	1905.72,978.271	1824.52,899.325	Leaf3
2077.15,1120.37	2059.11,1057.22	2027.53,987.294	2004.97,957.971	1975.65,921.881	Panicle
<<2-Y-plant5 (1).JPG
231,2715;416,4167	Image_Crop_Coordinates
2233.12,2584.66	2208.3,2333.66	2166.93,1679.97	2144.86,1064.89	2064.87,309.146	Stem
2188.99,2021.98	2131.07,1939.24	2073.15,1859.25	2001.44,1754.44	1957.3,1688.24	1971.1,1602.74	1990.4,1547.57	1987.64,1495.17	Leaf1
2166.93,1759.96	2227.61,1630.32	2249.67,1506.2	2260.71,1445.52	2280.01,1379.33	2313.11,1348.99	2382.07,1346.23	2456.54,1351.74	2525.49,1360.02	Leaf2
2161.41,1371.05	2064.87,1219.35	1998.68,1133.85	1971.1,1109.02	1938,1100.75	1896.62,1125.57	1855.25,1194.53	1835.94,1280.03	1824.91,1348.99	Leaf3
2128.31,899.4	2139.34,835.961	2144.86,786.314	2122.8,772.523	2051.08,797.346	1973.85,838.719	1893.87,844.236	Leaf4
2092.46,673.228	2048.32,546.351	2006.95,441.54	Panicle
<<2-Y-plant5 (10).JPG
625,2798;679,3959	Image_Crop_Coordinates
2229.13,2583.08	2226.72,2443.16	2217.07,2305.65	2205,2211.57	2195.36,2086.12	2171.23,1659.13	2156.76,1565.04	2118.16,711.046	Stem
2209.83,2259.82	2190.53,2221.22	2130.22,2185.03	2040.96,2153.67	1971,2131.96	1896.22,2131.96	1797.31,2172.97	1765.95,2206.74	1753.88,2238.1	1746.65,2300.83	1753.88,2351.49	Leaf1
2195.36,2001.69	2260.49,1806.28	2311.15,1671.19	2335.28,1574.69	2325.63,1543.33	2306.33,1524.03	2221.89,1531.27	2125.4,1567.45	Leaf2
2171.23,1663.95	2055.44,1483.02	2028.9,1444.42	2016.84,1422.71	1997.54,1420.3	1971,1473.37	1939.64,1545.74	1893.8,1615.7	Leaf3
2142.28,1179.05	2115.75,1072.91	2108.51,1034.31	2098.86,1000.54	2079.56,1046.37	2053.02,1145.28	2007.19,1236.95	Leaf4
2130.22,993.299	2125.4,814.78	Panicle
<<2-Y-plant5 (2).JPG
448,2918;554,4283	Image_Crop_Coordinates
2212.19,2590.86	2198.48,2445.52	2195.73,2376.97	2203.96,2050.66	2234.12,1743.54	2239.61,1510.46	2242.35,597.341	Stem
2198.48,2102.76	2058.63,2031.47	1962.66,1998.56	1894.1,1993.08	1852.97,2006.79	1817.32,2113.73	1776.19,2253.58	Leaf1
2225.9,1886.13	2288.97,1765.48	2343.81,1806.61	2415.1,1864.2	2478.17,1962.91	2590.6,2141.15	Leaf2
2242.35,1526.92	2214.93,1334.97	2176.54,1173.18	2132.67,1063.5	2066.86,940.105	Leaf3
2239.61,1005.92	2256.06,888.005	2269.77,830.421	2291.71,789.289	2316.39,783.805	2349.29,794.773	2393.17,855.1	2434.3,937.363	2472.69,1027.85	Leaf4
2234.12,975.752	2223.16,767.352	Panicle
<<2-Y-plant5 (3).JPG
669,2983;607,4101	Image_Crop_Coordinates
2206.28,2586.8	2196,2365.85	2198.57,2224.54	2196,2001.02	2175.45,1674.73	2124.06,801.192	Stem
2196,2252.8	2162.6,2216.83	2139.48,2311.89	2126.63,2399.25	2095.8,2576.52	2095.8,2653.6	2106.08,2720.4	Leaf1
2196,2013.86	2147.19,1869.99	2108.65,1808.33	2059.83,1744.1	2013.59,1733.82	1908.25,1780.07	1810.62,1834.02	1756.67,1867.42	Leaf2
2178.02,1695.28	2234.54,1515.44	2267.94,1330.45	2285.93,1201.99	2316.76,1078.67	Leaf3
2149.76,1209.7	2124.06,1073.53	2095.8,1034.99	2067.54,1027.28	2029,1052.98	1993.03,1127.48	1969.91,1253.38	Leaf4
2144.62,1194.28	2131.77,991.315	Panicle
<<2-Y-plant5 (4).JPG
357,2780;597,4255	Image_Crop_Coordinates
2204.55,2588.55	2193.79,2389.51	2196.48,1983.34	2218,1741.25	2242.21,982.718	2261.04,557.723	Stem
2193.79,2058.65	2158.82,1961.82	2096.96,1827.33	2045.85,1741.25	1994.74,1687.46	1943.64,1687.46	1892.53,1735.87	1838.73,1875.75	Leaf1
2212.62,1811.19	2320.21,1676.7	2357.87,1674.01	2376.7,1711.67	2438.57,1921.47	2457.4,1994.1	2470.84,2125.9	Leaf2
2220.69,1458.82	2199.17,1327.02	2174.96,1249.01	2150.75,1216.73	2110.41,1224.8	2029.71,1378.13	1986.67,1448.06	1943.64,1512.62	Leaf3
2242.21,990.788	2261.04,928.922	2269.11,872.435	2258.35,850.916	2244.9,907.403	2244.9,966.579	2244.9,1125.28	Leaf4
2239.52,864.365	2215.31,600.761	Panicle
<<2-Y-plant5 (5).JPG
357,2831;394,4128	Image_Crop_Coordinates
2227.31,2585.82	2221.81,2437.52	2213.57,1929.49	2186.11,1462.65	2144.92,1072.7	2090,512.487	Stem
2221.81,2228.82	2205.34,2193.12	2114.71,2118.97	2010.36,2039.34	1980.15,2022.86	1933.47,2080.53	1930.72,2195.86	1927.98,2256.28	1873.05,2407.32	Leaf1
2219.07,1907.52	2323.42,1819.65	2430.52,1740.01	2499.17,1704.31	2540.36,1734.51	2499.17,1926.74	Leaf2
2188.86,1553.27	2109.22,1399.49	2068.03,1330.83	2032.33,1300.63	1991.14,1314.36	1903.26,1372.03	1804.4,1457.16	1724.76,1528.56	Leaf3
2150.41,1061.71	2155.91,987.567	2144.92,907.929	2120.21,828.292	2098.24,800.83	2040.57,806.323	1971.92,894.199	1884.04,1020.52	Leaf4
2125.7,932.645	2073.52,690.985	Panicle
<<2-Y-plant5 (6).JPG
368,2918;479,4329	Image_Crop_Coordinates
2227.82,2588.78	2239.14,2444.42	2239.14,1920.76	2256.12,1275.39	2256.12,525.295	Stem
2236.31,2167.02	2188.19,2110.41	2123.09,2155.7	2080.63,2198.16	2057.98,2226.46	2049.49,2277.41	2035.34,2322.7	1953.25,2452.91	Leaf1
2244.8,1889.63	2400.48,1668.84	2462.75,1603.74	2510.87,1552.79	2694.86,1507.5	Leaf2
2250.46,1504.67	2168.37,1351.82	2128.75,1289.55	2100.44,1281.06	2046.66,1286.72	1953.25,1348.99	1763.6,1484.86	Leaf3
2261.78,1026.3	2284.43,915.913	2312.73,845.148	2343.87,822.504	2389.16,842.318	2442.94,915.913	2505.21,992.338	2558.99,1029.14	Leaf4
2250.46,890.437	2210.83,647.009	Panicle
<<2-Y-plant5 (7).JPG
241,2957;412,4513	Image_Crop_Coordinates
2238.03,2585.97	2225.97,2399.01	2216.92,1970.8	2192.8,1515.46	2189.78,1259.14	2198.83,984.731	2244.06,417.813	Stem
2216.92,2052.22	2222.96,1997.94	2247.08,2070.32	2259.14,2163.8	2244.06,2239.19	2213.91,2359.81	2192.8,2489.47	Leaf1
2201.85,1792.89	2135.51,1714.49	2084.24,1599.9	2032.98,1509.43	2014.88,1479.28	1984.73,1494.35	1960.61,1572.76	1945.53,1642.11	1930.45,1684.33	1906.33,1711.47	Leaf2
2195.82,1476.26	2225.97,1415.95	2298.34,1437.06	2364.68,1479.28	2403.89,1509.43	2415.95,1569.74	2415.95,1660.21	2415.95,1693.38	Leaf3
2198.83,990.762	2186.77,927.436	2171.69,849.032	2171.69,797.769	2198.83,785.707	2228.99,782.691	2283.27,852.048	2334.53,939.498	2337.54,1008.85	Leaf4
2213.91,809.831	2262.16,568.589	Panicle
<<2-Y-plant5 (8).JPG
394,2805;524,4165	Image_Crop_Coordinates
2225.79,2590.67	2231.15,2459.46	2220.44,2274.7	2201.69,2170.26	2124.04,1599.9	2081.19,1353.54	2024.96,1101.83	1856.26,534.14	Stem
2212.4,2239.89	2190.98,2202.4	2051.74,2095.29	1958.01,2009.6	1915.17,1977.46	1864.29,1948.01	1810.74,1964.07	1741.11,2020.31	1671.49,2014.95	Leaf1
2172.24,1913.2	2231.15,1739.14	2263.28,1661.49	2298.09,1605.25	2330.23,1565.09	2348.97,1581.15	2348.97,1624	2338.26,1674.87	2306.13,1741.82	Leaf2
2118.68,1578.47	1947.3,1431.2	1904.46,1388.35	1880.36,1372.28	1861.61,1358.9	1837.51,1415.13	1826.8,1460.65	1810.74,1543.66	1783.96,1618.64	Leaf3
2022.28,1075.05	2030.31,978.651	2011.57,900.996	1992.82,876.896	1856.26,903.674	1714.34,951.874	Leaf4
1939.27,823.34	1818.77,598.407	Panicle
<<2-Y-plant5 (9).JPG
522,3264;722,4862	Image_Crop_Coordinates
2206.47,2590.2	2191.25,2407.54	2166.89,2100.07	2090.79,1628.22	1892.91,641.878	Stem
2188.2,2243.15	2249.09,2118.34	2294.75,2121.38	2471.32,2240.11	2556.56,2310.13	2583.96,2492.78	Leaf1
2157.76,1993.53	2026.86,1807.83	1969.02,1737.81	1926.4,1707.37	1886.82,1743.9	1865.51,1820	1838.11,1972.22	Leaf2
2093.83,1631.26	2148.63,1512.53	2221.69,1433.38	2343.46,1415.12	2498.72,1415.12	Leaf3
2005.55,1180.71	1944.66,1077.21	1914.22,1022.41	1892.91,988.923	1853.34,1007.19	1752.88,1138.09	1695.03,1241.6	Leaf4
1993.37,1098.52	1953.8,854.976	Panicle
<<2-N-plant5 (1).JPG
241,2932;311,4374	Image_Crop_Coordinates
2225.14,2576.04	2225.14,2402.77	2198.25,2244.44	2162.41,1975.58	2060.83,1491.62	1956.28,1085.34	1899.52,876.222	1708.32,398.243	Stem
2198.25,2259.38	2126.56,2214.57	1995.11,2178.72	1854.71,2142.87	1794.96,2133.91	1756.12,2145.86	1726.25,2187.68	1726.25,2289.25	1726.25,2384.85	Leaf1
2159.42,1975.58	2159.42,1730.61	2159.42,1632.03	2171.37,1545.39	2153.44,1605.14	2129.54,1661.9	2072.78,1733.6	Leaf2
2093.7,1649.95	1971.21,1482.66	1923.42,1425.9	1887.57,1396.03	1857.69,1393.04	1827.82,1449.8	1800.93,1551.37	1753.14,1688.79	Leaf3
1959.26,1103.26	1914.45,989.742	1872.63,891.159	1860.68,870.248	1863.67,759.715	1920.43,550.599	Leaf4
1857.69,777.639	1800.93,658.144	1744.17,577.485	1681.44,496.826	Panicle
<<2-N-plant5 (10).JPG
299,2758;484,4197	Image_Crop_Coordinates
2238.95,2574.86	2228.03,2454.74	2219.84,2334.62	2203.46,2069.8	2187.08,1734.01	2091.53,1021.47	1968.68,412.665	Stem
2222.57,2301.86	2364.54,2031.58	2438.25,1892.35	2375.46,1941.49	2342.7,1998.82	Leaf1
2203.46,2118.95	2146.13,2023.39	2086.07,1957.87	2042.39,1916.92	2001.44,1955.14	1919.54,2105.29	1837.64,2236.34	1799.42,2263.64	Leaf2
2195.27,1843.21	2268.98,1583.86	2309.93,1466.46	2345.43,1430.97	2397.3,1403.67	2498.31,1392.75	2550.18,1398.21	Leaf3
2146.13,1436.43	2066.96,1319.04	1982.33,1209.84	1930.46,1168.89	1886.78,1160.7	1859.48,1223.49	1807.61,1327.23	1785.77,1428.24	Leaf4
2083.34,942.294	2086.07,816.712	2077.88,715.7	2066.96,535.517	Leaf5
2064.23,865.853	2042.39,715.7	2031.47,603.768	2028.74,513.677	Panicle
<<2-N-plant5 (2).JPG
477,2769;454,3916	Image_Crop_Coordinates
2247.91,2585.49	2217.37,2448.05	2118.11,2000.12	2087.57,1872.86	1998.49,1491.1	1855.97,722.479	Stem
2191.92,2369.16	2031.58,2269.9	1947.59,2239.36	1853.42,2208.82	1779.61,2183.36	1738.89,2198.64	1705.81,2241.9	1675.26,2346.25	Leaf1
2153.74,2112.1	2207.19,1967.03	2235.19,1875.41	2263.18,1819.42	2296.27,1796.51	2331.9,1821.96	2377.71,1908.49	2433.7,2007.75	Leaf2
2090.12,1903.4	2003.58,1809.24	1955.23,1765.97	1896.69,1712.52	1782.16,1628.53	1677.81,1562.36	1598.91,1506.37	Leaf3
2006.13,1524.18	2029.03,1363.84	2059.57,1287.49	2100.3,1272.22	2148.65,1274.77	2207.19,1333.3	2265.73,1486.01	2283.54,1608.17	Leaf4
1919.59,1055.89	1911.96,992.259	1894.14,954.083	1861.06,941.357	1797.43,969.354	1705.81,1022.8	1637.09,1083.88	1614.18,1081.34	Leaf5
1919.59,984.624	1909.41,681.758	Panicle
<<2-N-plant5 (3).JPG
944,3026;736,3880	Image_Crop_Coordinates
2231.28,2586.8	2231.28,2448.09	2217.41,2307.06	2201.22,2154.48	2138.8,1902.48	2094.88,1742.96	1884.49,1125.68	Stem
2222.03,2332.49	2333,2119.8	2333,2119.8	2390.8,2015.76	2487.9,1937.16	Leaf1
2182.73,2048.13	2164.23,1867.8	2143.43,1733.71	2143.43,1659.73	Leaf2
2104.12,1768.39	2053.26,1652.79	1979.28,1530.26	1937.67,1474.78	1909.92,1449.35	1863.69,1451.66	1833.63,1474.78	1792.02,1534.89	1780.46,1606.56	1785.08,1641.23	Leaf3
1976.97,1393.86	1951.54,1338.38	1928.42,1287.51	1870.62,1236.65	1792.02,1206.6	1692.61,1188.1	Leaf4
2013.96,1504.83	1902.99,1269.02	Panicle
<<2-N-plant5 (4).JPG
654,2758;588,3764	Image_Crop_Coordinates
2247.75,2587.44	2180,2293.11	2140.29,2071.18	2072.55,1629.68	2021.15,1389.07	1888,807.396	Stem
2175.33,2300.11	2030.5,2110.9	1944.07,2024.46	1838.94,1924.01	1799.23,1853.93	Leaf1
2147.3,2068.85	2250.08,1713.77	2266.44,1594.64	2296.81,1454.47	Leaf2
2086.56,1713.77	2021.15,1589.96	1962.75,1501.19	1937.06,1463.82	1897.35,1442.79	1857.63,1440.46	1810.91,1461.48	1724.48,1550.25	1666.08,1610.99	1603.01,1664.72	Leaf3
1988.45,1255.91	1960.42,1153.13	1958.08,1087.72	1981.44,1064.36	1997.79,1052.68	2065.54,1059.69	2144.96,1083.05	2203.36,1120.42	Leaf4
1988.45,1241.9	1906.69,947.557	Panicle
<<2-N-plant5 (5).JPG
1585,2761;1384,3159	Image_Crop_Coordinates
2238.92,2588.9	2227.17,2460.94	2198.44,2338.2	2030.01,1669.67	Stem
2186.69,2297.72	2167.11,2296.42	2061.34,2327.75	1913.8,2391.73	1823.7,2455.71	1766.25,2507.94	1745.36,2547.11	1732.3,2616.32	1732.3,2669.85	1737.53,2699.88	Leaf1
2135.77,2083.59	2151.44,1913.84	2167.11,1813.3	2169.72,1757.16	2169.72,1720.6	2163.19,1698.4	2140.99,1687.95	2107.04,1704.93	2057.43,1731.04	1986.92,1767.6	1949.05,1781.97	Leaf2
2104.43,1972.6	2046.98,1877.28	1968.64,1775.44	1932.08,1737.57	1896.82,1704.93	1868.1,1695.79	1847.21,1690.57	1804.12,1703.62	1757.11,1742.79	1706.19,1805.47	1669.63,1861.61	1638.29,1909.93	Leaf3
2107.04,1962.15	2088.76,1886.42	2078.32,1830.28	2070.48,1780.66	2056.12,1755.85	2023.48,1733.65	1992.14,1734.96	1960.8,1751.93	1928.16,1785.88	1872.02,1866.84	1838.07,1916.45	Leaf4
<<2-N-plant5 (6).JPG
303,2646;378,3916	Image_Crop_Coordinates
2234.67,2575.3	2234.67,2283.95	2193.04,1792.28	2073.38,1191.36	1956.32,598.248	Stem
2234.67,2289.15	2390.75,2083.64	2414.16,2055.02	2437.57,2018.6	2492.2,1974.38	2528.62,1987.39	2549.43,2042.02	2549.43,2164.28	2562.44,2237.12	Leaf1
2206.05,2075.84	2049.97,1909.35	2013.55,1883.33	1982.33,1875.53	1935.51,1904.14	1857.46,2003	1818.44,2049.82	1792.43,2101.85	1787.23,2174.69	Leaf2
2193.04,1818.3	2206.05,1701.24	2219.06,1615.39	2216.46,1565.96	2232.06,1529.54	2252.88,1508.73	2302.3,1513.94	2364.73,1565.96	2414.16,1654.41	2445.38,1737.66	Leaf3
2120.2,1407.28	2052.57,1295.42	2034.36,1245.99	2018.75,1214.78	2003.14,1191.36	1979.73,1178.36	1958.92,1175.76	1925.1,1193.97	1875.67,1277.21	1828.85,1373.46	1810.64,1456.71	Leaf4
2026.55,939.03	1992.74,855.785	1948.51,782.946	1891.28,699.702	1860.07,652.877	1828.85,598.248	Leaf5
2010.95,847.981	1992.74,689.296	1969.32,504.598	Panicle
<<2-N-plant5 (7).JPG
299,2860;321,4187	Image_Crop_Coordinates
2207.48,2583.42	2193.27,2427.07	2184.74,2205.35	2113.68,1759.06	2068.19,1531.65	1977.23,1145.05	1835.1,610.636	Stem
2167.69,2148.5	2031.24,2003.52	1903.32,1997.84	1766.88,2029.11	1647.49,2060.38	1582.11,2068.9	1553.68,2091.64	Leaf1
2136.42,1912.56	2102.31,1753.37	2073.88,1668.09	2051.14,1611.24	2025.56,1585.66	1991.44,1585.66	1928.91,1625.45	1880.58,1690.83	1829.41,1767.59	Leaf2
2056.82,1491.85	2025.56,1426.47	1982.92,1355.4	1937.43,1267.28	1883.42,1218.96	1849.31,1210.43	1815.2,1227.49	1781.09,1272.97	1744.14,1349.72	1718.55,1395.2	1715.71,1420.78	Leaf3
1940.28,1005.76	1943.12,914.797	1940.28,863.63	1923.22,818.147	1883.42,761.295	1795.3,650.432	Leaf4
1889.11,872.157	1866.37,812.462	1812.36,741.397	1758.35,678.859	1687.28,616.321	Panicle
<<2-N-plant5 (8).JPG
433,2928;459,4226	Image_Crop_Coordinates
2217.09,2584.51	2186.62,2407.21	2053.65,1706.34	1796.02,576.074	Stem
2167.23,2296.4	2294.66,2379.51	2386.08,2465.39	2513.51,2542.96	2541.21,2590.05	2555.07,2723.02	Leaf1
2120.14,2080.32	1976.08,1886.4	1917.91,1806.07	1898.52,1772.82	1879.12,1761.74	1851.42,1831	1796.02,1988.9	Leaf2
2078.58,1836.54	2089.66,1750.66	2100.74,1698.03	2111.83,1664.78	2125.68,1648.16	2145.07,1631.54	2172.77,1614.92	2200.47,1609.38	2242.03,1634.31	2275.27,1703.57	2308.51,1786.68	2327.91,1850.39	2363.92,1925.19	Leaf3
1992.7,1468.1	1917.91,1360.06	1895.75,1315.73	1851.42,1257.56	1826.49,1238.16	1787.71,1246.48	1732.3,1332.35	1687.98,1432.08	1629.8,1562.28	Leaf4
1904.06,1030.4	1832.03,902.964	1776.62,828.167	1715.68,747.83	1654.73,714.587	Leaf5
1890.2,966.68	1851.42,825.397	1809.87,675.803	Panicle
<<2-N-plant5 (9).JPG
183,2823;272,4258	Image_Crop_Coordinates
2234.48,2597.19	2228.62,2409.6	2181.72,2075.46	2108.44,1553.72	2032.23,1029.06	1920.85,545.432	Stem
2169.99,2025.63	2032.23,1808.73	1973.61,1726.66	1938.44,1723.73	1897.4,1755.97	1859.3,1855.63	1806.54,1981.66	Leaf1
2149.48,1761.83	2152.41,1679.76	2181.72,1565.45	2202.24,1506.83	2255,1474.59	2298.96,1498.03	2363.45,1571.31	2419.14,1621.14	2492.41,1697.35	Leaf2
2076.2,1348.55	2026.37,1263.55	1997.06,1166.82	1991.2,1111.13	1982.41,1075.96	1941.37,1108.2	1876.89,1178.55	1827.06,1243.03	1768.44,1328.03	Leaf3
1999.99,900.093	2005.85,785.781	2035.16,662.675	2043.96,601.123	2020.51,513.19	Leaf4
1964.82,803.367	1914.99,694.917	1821.2,501.466	Panicle
<<2-Y-plant2 (1).JPG
263,2776;358,4153	Image_Crop_Coordinates
2212.95,2574.95	2204.58,2449.39	2204.58,2189.88	2212.95,2086.64	2201.79,1849.46	2201.79,1701.57	2101.33,1079.32	1945.07,420.797	Stem
2212.95,2047.58	2238.06,2206.63	2249.22,2295.92	2268.75,2354.52	2282.71,2494.03	2310.61,2580.53	2388.74,2692.15	Leaf1
2201.79,1771.33	2271.55,1693.2	2355.26,1693.2	2419.43,1729.48	2475.24,1799.23	2500.35,1908.06	2533.84,1997.35	2556.16,2114.54	Leaf2
2154.35,1375.1	2092.96,1274.65	2012.04,1149.08	1967.4,1096.06	1939.49,1076.53	1900.43,1112.81	1861.36,1221.63	1816.72,1330.45	Leaf3
2039.95,825.399	2051.11,752.849	2042.74,702.623	2014.83,688.671	1931.12,685.881	1802.76,699.833	1702.31,683.09	Leaf4
2012.04,710.994	1947.86,565.895	1903.22,476.604	Panicle
<<2-Y-plant2 (10).JPG
368,2903;394,4222	Image_Crop_Coordinates
2217.26,2581.79	2251.03,2438.25	2239.77,2134.29	2172.22,1557.32	2087.79,501.886	Stem
2236.96,2145.54	2214.44,2111.77	2110.31,2049.85	1938.62,2058.3	1896.4,2168.06	1862.63,2328.49	1840.12,2553.64	Leaf1
2203.18,1821.88	2253.84,1669.9	2287.62,1619.24	2284.8,1616.42	2327.02,1560.13	2366.42,1560.13	2388.94,1599.53	2394.57,1681.15	2369.24,1880.98	Leaf2
2166.6,1472.88	2118.75,1318.09	2031.5,1095.74	1924.55,850.882	Leaf3
2121.56,955.018	2093.42,904.357	2093.42,856.511	2104.68,803.036	2141.26,721.416	2191.93,614.465	2251.03,473.741	Leaf4
2115.93,853.696	2115.93,777.705	2115.93,718.601	2127.19,648.239	2138.45,591.95	Panicle
<<2-Y-plant2 (2).JPG
270,2823;328,4183	Image_Crop_Coordinates
2217.93,2590.5	2198.09,2462.94	2172.58,2301.37	2175.41,2037.75	2166.91,1762.8	2127.22,1453.83	1928.8,504.24	Stem
2166.91,2015.07	2050.69,1873.35	1988.33,1796.81	1923.13,1725.95	1843.77,1694.77	1798.41,1697.6	1781.4,1714.61	1775.74,1740.12	1772.9,1847.83	1770.07,1873.35	1738.89,1907.36	Leaf1
2164.07,1793.98	2215.1,1623.9	2249.11,1422.65	2263.28,1269.58	2237.77,1363.12	Leaf2
2115.89,1425.48	2039.35,1334.77	1959.98,1218.56	1925.97,1181.71	1903.29,1173.2	1860.77,1204.38	1835.26,1266.74	1809.75,1343.28	1789.91,1405.64	Leaf3
2022.34,946.436	2005.34,796.203	1914.63,512.744	Leaf4
1985.5,827.383	1948.65,728.172	1880.62,623.293	Panicle
<<2-Y-plant2 (3).JPG
769,2664;846,3708	Image_Crop_Coordinates
2209.05,2586.12	2196.43,2466.19	2148.03,2011.71	2105.95,1853.9	2074.39,1725.56	2059.66,1611.94	1855.57,921.8	Stem
2137.51,1984.36	2051.25,1803.41	1958.67,1637.18	1933.42,1618.25	1870.3,1620.35	1845.05,1666.64	1830.32,1729.76	1834.53,1820.24	Leaf1
2082.81,1736.08	2101.75,1614.04	2124.89,1527.77	2156.45,1475.17	2253.24,1430.99	2343.71,1395.22	2411.04,1369.97	Leaf2
1975.5,1306.84	1927.11,1222.68	1885.03,1149.04	1857.67,1130.1	1811.38,1159.56	1765.09,1231.1	1710.39,1317.37	Leaf3
1950.25,1228.99	1891.34,1008.07	Panicle
<<2-Y-plant2 (4).JPG
207,2814;353,4290	Image_Crop_Coordinates
2239.55,2588.1	2227.97,2391.24	2204.82,1826.74	2199.03,1719.63	2112.18,1131.96	1976.12,318.496	Stem
2213.5,1997.54	2251.13,1907.79	2306.14,1809.37	2337.98,1763.05	2390.09,1768.84	2424.83,1820.95	2442.2,1907.79	2479.83,2026.49	Leaf1
2190.34,1719.63	2161.39,1499.61	2167.18,1415.66	2178.76,1389.61	2193.24,1363.55	2210.61,1380.92	2213.5,1398.29	2190.34,1433.03	2167.18,1461.98	Leaf2
2132.44,1308.55	2091.91,1195.65	2060.07,1134.86	2028.23,1085.64	2007.96,1048.01	1996.38,1036.43	1947.17,1045.12	1889.27,1126.17	1819.79,1239.07	Leaf3
2060.07,810.629	2013.75,648.515	1990.59,602.196	1961.64,576.142	1906.64,599.301	1842.95,651.409	1776.37,697.728	Leaf4
2054.28,799.049	2028.23,683.253	1993.49,570.352	Panicle
<<2-Y-plant2 (5).JPG
455,2802;401,3944	Image_Crop_Coordinates
2234.1,2574.64	2231.5,2467.82	2213.26,2254.18	2148.13,1967.58	2132.49,1912.87	1960.54,1511.63	1546.28,670.088	Stem
2145.52,1972.79	2114.26,1980.61	2067.36,2030.11	2002.22,2097.85	1924.06,2241.15	1916.24,2379.23	1921.46,2587.67	Leaf1
2036.09,1678.38	1895.4,1592.4	1770.34,1488.19	1746.89,1475.16	1720.84,1472.55	1686.97,1493.4	1642.68,1545.5	1582.75,1647.12	Leaf2
1806.82,1204.2	1767.74,1076.53	1731.26,993.158	1689.57,930.628	1572.33,722.196	Leaf3
1723.44,1045.27	1660.91,961.893	1590.57,875.915	Panicle
<<2-Y-plant2 (6).JPG
296,2765;424,4153	Image_Crop_Coordinates
2202.43,2584.04	2191.46,2386.6	2133.87,2120.62	2090,1772.37	2054.35,1478.97	1996.77,431.48	Stem
2125.65,2049.32	2273.72,2019.16	2361.47,2010.94	2443.73,2021.9	2528.74,2041.1	2567.13,2057.55	2600.03,2106.91	2611,2186.43	2616.48,2252.24	2630.19,2329.02	Leaf1
2079.03,1662.69	2057.09,1588.65	1994.03,1500.9	1963.86,1473.48	1950.15,1509.13	1966.6,1572.2	2015.96,1670.91	2095.48,1786.08	Leaf2
2059.84,1402.19	2106.45,1223.95	2224.36,859.249	Leaf3
2013.22,856.507	1994.03,727.628	1983.06,406.801	Leaf4
2002.25,700.207	2004.99,508.259	Panicle
<<2-Y-plant2 (7).JPG
314,2722;456,4092	Image_Crop_Coordinates
2235.54,2590.56	2240.89,2328.54	2243.56,2047.79	2222.17,1908.76	2203.46,1737.64	2176.72,1523.73	2131.27,1328.55	1949.45,464.926	Stem
2243.56,2061.16	2224.85,2053.14	2203.46,2186.83	2171.37,2427.46	2168.7,2537.09	2211.48,2652.06	2192.76,2702.86	Leaf1
2208.8,1751	2232.87,1547.8	2267.63,1408.76	2254.26,1312.51	Leaf2
2158,1459.56	2053.73,1280.42	1960.14,1205.56	1823.78,1251.01	1628.6,1328.55	Leaf3
2051.05,970.266	2029.66,924.812	2010.95,874.011	1997.58,812.514	2029.66,759.039	2061.75,748.344	2120.57,751.018	2187.41,769.734	2262.28,793.798	Leaf4
2013.62,799.146	1957.47,571.876	Panicle
<<2-Y-plant2 (8).JPG
397,2892;490,4257	Image_Crop_Coordinates
2242.35,2578.76	2225.73,2373.76	2211.87,2246.32	2206.33,1958.22	2178.63,1675.65	2131.54,556.469	Stem
2200.79,1922.2	2081.67,1744.91	1995.79,1719.98	1898.84,1739.37	1829.58,1858.49	1776.94,2008.08	1768.63,2066.26	Leaf1
2175.86,1589.77	2300.52,1309.98	2331,1257.34	2361.47,1237.95	2403.02,1237.95	2452.89,1282.28	2497.21,1345.99	2533.22,1465.11	Leaf2
2153.7,1096.67	2167.55,1008.02	2156.47,930.453	2123.23,880.589	1987.48,944.305	1854.51,1041.26	Leaf3
2145.39,905.521	2148.16,689.441	Panicle
<<2-Y-plant2 (9).JPG
575,2863;396,3851	Image_Crop_Coordinates
2237.05,2585.95	2244.67,2324.22	2209.1,1996.42	2071.88,1594.93	1711.05,710.636	Stem
2211.64,2029.45	2000.73,1821.09	1754.25,1569.52	Leaf1
2102.37,1716.9	1916.87,1488.21	1690.72,1259.51	Leaf2
1939.74,1272.21	1937.2,1140.08	1911.79,1101.96	1891.46,1086.72	1855.89,1094.34	1807.61,1145.16	1782.2,1218.85	1731.38,1297.62	Leaf3
1894,1135	1810.15,913.922	Panicle
<<2-Y-plant3 (1).JPG
223,2968;162,4306	Image_Crop_Coordinates
2202.46,2580.68	2196.37,2446.58	2153.7,2190.57	2077.51,1684.66	1970.84,331.485	Stem
2162.84,2306.38	2059.22,2272.86	1958.65,2257.62	1882.45,2251.53	1848.93,2260.67	1812.36,2303.34	1809.31,2373.43	1815.41,2467.91	1821.5,2510.58	Leaf1
2129.32,2026	2187.22,1983.33	2299.99,2053.43	2388.37,2138.76	2446.28,2221.05	2461.51,2285.05	2464.56,2352.1	Leaf2
2083.6,1718.18	2028.74,1675.51	1934.27,1638.94	1864.17,1635.89	1784.93,1721.23	1720.93,1843.14	1650.83,1998.57	Leaf3
2050.08,1285.41	2107.98,1087.31	2092.75,1032.45	2065.32,1014.17	1973.89,1047.69	1800.17,1166.55	Leaf4
2010.46,782.542	1925.12,764.256	1821.5,739.875	1760.55,727.684	1717.88,727.684	1684.36,755.113	Leaf5
2004.36,666.73	1973.89,419.868	Panicle
<<2-Y-plant3 (10).JPG
774,2910;731,3957	Image_Crop_Coordinates
2206.18,2580.37	2194.32,2457.01	2182.46,2300.45	2170.6,2243.52	2146.87,2122.53	2018.77,1183.14	Stem
2158.73,2219.79	2144.5,2219.79	2025.89,2276.73	1904.91,2362.13	1840.86,2409.57	1812.39,2442.78	1798.16,2480.74	1791.04,2604.09	Leaf1
2132.64,1968.34	2222.78,1837.87	2256,1769.07	2301.07,1697.91	2346.14,1648.09	2376.98,1624.37	2422.05,1595.9	2462.38,1593.53	Leaf2
2080.45,1586.41	2127.9,1325.47	2218.04,1007.6	Leaf3
2037.75,1315.98	2025.89,1282.77	1997.42,1306.49	1933.37,1339.71	1871.7,1380.03	1795.79,1441.71	1729.37,1486.78	Panicle
<<2-Y-plant3 (2).JPG
375,2928;421,4276	Image_Crop_Coordinates
2256.45,2590.67	2230.94,2460.28	2194.09,2193.83	2097.71,1448.33	2018.35,549.77	Stem
2188.42,2142.81	2222.44,2122.97	2403.85,2122.97	2460.54,2222.18	2486.05,2344.06	2471.88,2454.61	2426.53,2658.7	Leaf1
2154.41,1882.03	2055.2,1737.46	1978.66,1660.93	1916.3,1612.74	1862.44,1607.07	1836.93,1612.74	1797.25,1652.42	1774.57,1706.28	1746.23,1796.99	1751.9,1884.86	Leaf2
2103.38,1502.19	2177.08,1298.1	2233.77,1170.54	2253.62,1142.2	2279.13,1133.7	2321.65,1142.2	2361.33,1170.54	2403.85,1232.91	2426.53,1306.6	2452.04,1380.3	Leaf3
2058.03,966.455	2029.68,889.921	1998.5,821.891	1984.33,773.703	1984.33,745.357	2004.17,719.846	2032.52,719.846	2075.04,734.019	2103.38,773.703	2109.05,816.222	2100.55,847.402	2072.2,895.59	Leaf4
2058.03,889.921	2058.03,654.65	Panicle
<<2-Y-plant3 (3).JPG
557,2899;576,4113	Image_Crop_Coordinates
2234.39,2586.96	2234.39,2339.83	2223.99,2152.53	2208.38,1884.58	2151.15,1421.54	2091.32,739.973	Stem
2221.39,2196.75	2190.17,2220.16	2093.92,2306.01	2041.89,2386.65	2000.27,2485.5	Leaf1
2210.98,1928.81	2112.13,1780.53	2052.3,1718.09	1989.86,1671.27	1974.26,1660.86	1859.79,1736.3	1701.11,1861.17	Leaf2
2166.76,1546.4	2213.58,1317.48	2229.19,1039.13	2237,815.413	Leaf3
2119.93,1088.56	2119.93,948.084	2096.52,898.658	2057.5,872.644	2015.88,872.644	1961.25,911.665	1904.02,953.287	1823.37,1046.94	Leaf4
2112.13,1083.36	2062.7,896.056	Panicle
<<2-Y-plant3 (4).JPG
390,2816;536,4200	Image_Crop_Coordinates
2235.15,2581.39	2235.15,2306.62	2210.91,2120.74	2189.36,1525.4	2170.5,577.157	Stem
2213.6,1975.27	2264.79,1902.54	2305.19,1897.15	2372.54,1929.48	2426.42,1972.58	2447.97,2042.62	2445.28,2136.9	2447.97,2250.05	2466.83,2309.31	Leaf1
2197.44,1724.74	2089.69,1568.5	2011.56,1455.36	1981.93,1417.64	1952.3,1396.09	1903.81,1388.01	1847.24,1420.34	1723.32,1528.09	Leaf2
2183.97,1328.74	2240.54,1169.81	2251.32,1070.13	2248.62,1021.64	2224.38,994.706	2194.75,994.706	2151.64,1005.48	2030.42,1110.54	1960.38,1177.89	Leaf3
2181.28,841.156	2165.11,760.34	2157.03,709.157	2154.34,674.136	2146.26,625.647	2140.87,666.055	2132.79,703.769	2105.85,733.401	Leaf4
2186.66,833.074	2200.13,606.79	Panicle
<<2-Y-plant3 (5).JPG
357,2834;464,4204	Image_Crop_Coordinates
2241.95,2572.58	2217.2,2413.07	2181.45,2195.81	2151.2,1970.29	2115.45,1632.03	2093.45,1351.51	2065.95,575.967	Stem
2192.45,2223.31	2269.46,2083.05	2393.21,1893.29	2448.22,1824.54	2538.97,1797.03	Leaf1
2151.2,2006.05	2115.45,1973.04	1991.69,2077.55	1870.68,2239.81	1807.43,2338.81	1749.68,2476.32	Leaf2
2118.2,1593.52	2175.95,1335.01	2181.45,1059.99	2189.7,872.984	Leaf3
2079.7,1062.74	2041.19,831.731	2021.94,705.224	2013.69,592.468	2013.69,424.709	Leaf4
2085.2,1098.5	2096.2,815.23	Panicle
<<2-Y-plant3 (6).JPG
321,2957;365,4346	Image_Crop_Coordinates
2234.35,2588.11	2222.64,2383.22	2199.22,2090.51	2181.66,1850.49	2099.7,1276.79	1944.57,386.963	Stem
2199.22,2096.37	2099.7,1967.58	2035.31,1900.25	1988.47,1832.93	1935.79,1794.88	1877.25,1800.73	1807,1850.49	1739.67,1926.6	Leaf1
2196.3,1882.69	2251.91,1753.9	2301.67,1630.96	2336.79,1569.5	2389.48,1513.88	2453.88,1531.44	2535.84,1604.62	2611.94,1645.6	Leaf2
2146.54,1554.86	2070.43,1414.36	1994.33,1224.1	1947.5,1118.73	1845.05,978.229	Leaf3
2038.23,981.156	1985.55,758.7	1947.5,580.149	1938.71,492.337	1912.37,457.212	Leaf4
2061.65,1007.5	2000.18,729.429	Panicle
<<2-Y-plant3 (7).JPG
564,2925;544,4109	Image_Crop_Coordinates
2233.78,2591.54	2223.29,2410.66	2202.32,2221.91	2155.13,1949.28	2134.16,1828.69	2076.49,761.743	Stem
2202.32,2208.81	2225.91,2177.35	2275.72,2248.13	2315.04,2373.96	2367.47,2531.25	2385.82,2625.62	2464.47,2706.89	Leaf1
2155.13,1951.9	2086.97,1807.72	2008.33,1671.4	1911.33,1590.13	1730.45,1459.06	Leaf2
2131.54,1574.41	2186.59,1354.2	2262.61,911.168	Leaf3
2094.84,1084.19	2079.11,1010.78	2068.62,981.948	2050.27,953.112	2016.19,942.626	1969.01,960.976	1822.2,1060.59	1698.99,1165.45	Leaf4
2100.08,1092.05	2100.08,882.332	Panicle
<<2-Y-plant3 (8).JPG
292,2925;324,4300	Image_Crop_Coordinates
2223.2,2576.48	2231.97,2453.71	2226.12,2333.87	2185.2,2155.56	2065.35,1559.26	1919.2,992.191	1764.28,416.352	Stem
2164.74,2079.56	2021.51,2026.95	1881.2,1988.95	1822.74,1988.95	1758.43,2015.26	1705.82,2108.79	1705.82,2211.1	1726.28,2313.41	1729.2,2351.41	Leaf1
2109.2,1804.8	2138.43,1632.34	2155.97,1506.65	2188.12,1413.11	2205.66,1383.88	2252.43,1383.88	2302.12,1427.72	2351.81,1521.26	2392.73,1626.49	Leaf2
2027.35,1433.57	1954.28,1307.88	1898.74,1237.73	1857.82,1208.5	1825.66,1196.8	1737.97,1255.26	1679.51,1313.73	1585.97,1413.11	1562.59,1480.34	Leaf3
1904.58,919.115	1884.12,869.423	1869.51,796.347	1869.51,720.348	1895.82,688.195	1948.43,714.502	2041.97,770.04	2155.97,863.577	Leaf4
1878.28,810.963	1811.05,585.888	Panicle
<<2-Y-plant3 (9).JPG
285,3004;302,4409	Image_Crop_Coordinates
2236.55,2599.35	2236.55,2406.1	2215.41,2079.99	2161.06,1642.16	2121.81,1376.44	2043.3,899.353	1925.54,401.13	Stem
2200.31,2046.78	2091.61,1971.29	1946.67,1898.82	1886.28,1865.61	1819.85,1862.59	1741.34,1895.8	1686.99,1965.25	1668.88,2046.78	1665.86,2086.03	Leaf1
2188.24,1790.12	2215.41,1666.32	2248.63,1584.79	2302.98,1554.59	2381.49,1542.51	2459.99,1581.77	2502.27,1614.98	2623.05,1856.55	Leaf2
2127.85,1382.48	2094.63,1279.82	2070.47,1234.52	2049.34,1204.33	2016.12,1201.31	1970.83,1300.95	1910.44,1433.81	1844.01,1539.5	1828.91,1581.77	Leaf3
2013.1,826.884	2016.12,748.376	1998.01,700.064	1976.87,681.947	1904.4,706.103	1759.46,781.591	1617.54,851.041	Leaf4
1998.01,775.552	1937.61,524.931	Panicle
